-0.008595248203013479 -0.0023508683839276005 -0.0030827899756367305
-0.007174223560103304 -0.002937407335885283 -0.002603358842442341
-0.008619623647802813 -0.002584683026264143 -0.003058268888272437
-0.008631722614838567 -0.002617773573888925 -0.0030562384497648076
-0.008782014197878359 -0.002240923219394216 -0.0036213942866003173
-0.007154696407077252 -0.0029320958243893355 -0.002614678152285465
-0.008631722614838567 -0.002617773573888925 -0.0030562384497648076
-0.008631722614838567 -0.002617773573888925 -0.0030562384497648076
-0.007286963032558188 -0.0029121306317307105 -0.002622339461120584
-0.008807472819280421 -0.00222807110366503 -0.0034181828172762797
-0.008445301321993056 0.001883347847063084 -0.0052202899852084265
-0.008745052045875177 -0.0019604556773651517 -0.003669551533595728
-0.008631722614838567 -0.002617773573888925 -0.0030562384497648076
-0.008565485258526956 -0.002628903224268094 -0.0030365821709299264
-0.007326020684622451 0.001639544197530447 -0.00482435223392069
-0.008631722614838567 -0.002617773573888925 -0.0030562384497648076
-0.007321652101005843 -0.0029043531842985327 -0.002628179651483119
-0.008631722614838567 -0.002617773573888925 -0.0030562384497648076
-0.008623029508262159 -0.002618777707929999 -0.003057895142377495
-0.008575810966489399 -0.0022625492406576153 -0.0030988757049058234
-0.008466994235495542 -0.0022872592702117794 -0.0032069694601759018
-0.007512441977467958 -0.002861577223421563 -0.002660300698477069
-0.008631722614838567 -0.002617773573888925 -0.0030562384497648076
-0.007137476789614128 -0.002951616782362879 -0.0025988722354119273
-0.008631722614838567 -0.002617773573888925 -0.0030562384497648076
-0.007433603185541464 -0.0028792532403128716 -0.0026470275385622145
-0.007433603185541464 -0.0028792532403128716 -0.0026470275385622145
-0.007278290765446274 -0.002914074993588754 -0.002620879413529949
-0.008621563070273348 -0.0026117410442665053 -0.0029915484285279394
-0.00877439880802509 -0.0022344035764784555 -0.003546809876214366
-0.007321652101005843 -0.0029043531842985327 -0.002628179651483119
-0.007417047039236901 -0.0028829652038600473 -0.002644240174980095
-0.008781331170101908 -0.0021960461503515234 -0.0033624782381020332
-0.008631722614838567 -0.002617773573888925 -0.0030562384497648076
-0.007139502881967255 -0.002994575835045672 -0.0026297778499609057
-0.008631722614838567 -0.002617773573888925 -0.0030562384497648076
-0.008631722614838567 -0.002617773573888925 -0.0030562384497648076
-0.006643572844460518 -0.0030642927627289006 -0.0025162719432775538
-0.006382090211717655 -0.003134085309723571 -0.002503446372335498
-0.008631722614838567 -0.002617773573888925 -0.0030562384497648076
-0.007137476789614128 -0.002951616782362879 -0.0025988722354119273
-0.007068399314767469 -0.002967375660735751 -0.002587319747001525
-0.008631722614838567 -0.002617773573888925 -0.0030562384497648076
-0.008631722614838567 -0.002617773573888925 -0.0030562384497648076
-0.008807191742565373 -0.0022121128154656894 -0.003412104027158639
-0.008631722614838567 -0.002617773573888925 -0.0030562384497648076
-0.007321387701095342 -0.0028930764393305065 -0.0025902891851560987
-0.007425719306348814 -0.0028810208420020026 -0.002645700222570729
-0.00862298779691204 -0.0026114682608222354 -0.0029860075706044523
-0.007321652101005843 -0.0029043531842985327 -0.002628179651483119
-0.007379022483438506 -0.0028914904827760882 -0.0026378384278519305
-0.008588555901557281 -0.0023021281958603102 -0.0030910397090628153
-0.008631722614838567 -0.002617773573888925 -0.0030562384497648076
-0.007399702505013073 -0.002886853927576136 -0.0026413200797988272
-0.007130862224543731 -0.0029471291451755033 -0.0025960586044891693
-0.007321652101005843 -0.0029043531842985327 -0.002628179651483119
-0.008807472819280421 -0.00222807110366503 -0.0034181828172762797
-0.007226257162774788 -0.0029257411647370174 -0.0026121191279861442
-0.007417047039236901 -0.0028829652038600473 -0.002644240174980095
-0.008679218851762488 -0.002164461989949209 -0.0035423623018154492
-0.008631722614838567 -0.002617773573888925 -0.0030562384497648076
-0.0072544681188868275 -0.00291862216248932 -0.0025507042493850976
-0.008545281109946023 -0.0022683946001777005 -0.0032176083746948275
-0.008631722614838567 -0.002617773573888925 -0.0030562384497648076
-0.008631722614838567 -0.002617773573888925 -0.0030562384497648076
-0.008807472819280421 -0.00222807110366503 -0.0034181828172762797
-0.008622621438633517 -0.0026115384051364765 -0.0029874323626419203
-0.008631722614838567 -0.002617773573888925 -0.0030562384497648076
-0.008631722614838567 -0.002617773573888925 -0.0030562384497648076
-0.008631722614838567 -0.002617773573888925 -0.0030562384497648076
-0.008631722614838567 -0.002617773573888925 -0.0030562384497648076
-0.008438991678235213 0.0020356934951568434 -0.0052935348064080566
-0.008631722614838567 -0.002617773573888925 -0.0030562384497648076
-0.008631722614838567 -0.002617773573888925 -0.0030562384497648076
-0.008603855858953399 -0.0025230906639570495 -0.003000905973175655
-0.00711483779694003 -0.0029760235430694205 -0.00256630293859334
-0.0070550059753128015 -0.0029633424852243333 -0.0025171231548005127
-0.0070550059753128015 -0.0029633424852243333 -0.0025171231548005127
-0.006959480736880681 -0.0029997899383039607 -0.0025921656933319106
-0.00862054540838857 -0.002611935889583841 -0.002995506184187573
-0.008631722614838567 -0.002617773573888925 -0.0030562384497648076
-0.0069921059507531075 -0.00297823893490421 -0.002572697843039025
-0.007337769471785921 -0.002632800853343997 -0.0028710830749947886
-0.008631722614838567 -0.002617773573888925 -0.0030562384497648076
-0.008616208188155693 -0.0023838558671608894 -0.0030527239512852496
-0.008623875938193304 -0.0026112982139998324 -0.0029825535293015
-0.007072844570451892 0.0016015375805909023 -0.005120050218561805
-0.007304307566782016 -0.0029082419080146207 -0.0026252595563018523
-0.008626651379697248 -0.002610766817679825 -0.0029717596502297715
-0.008575810966489399 -0.0022625492406576153 -0.0030988757049058234
-0.008631722614838567 -0.002617773573888925 -0.0030562384497648076
-0.00704565842720352 -0.002979745853017452 -0.002605407383032868
-0.007512441977467958 -0.002861577223421563 -0.002660300698477069
-0.007354764393614969 -0.0028969292572041828 -0.0026337543786473586
-0.008595248203013479 -0.0023508683839276005 -0.0030827899756367305
-0.008595248203013479 -0.0023508683839276005 -0.0030827899756367305
-0.008511206500975706 -0.0026749490013707245 -0.0029097701378230324
-0.008807472819280421 -0.00222807110366503 -0.0034181828172762797
-0.008511206500975706 -0.0026749490013707245 -0.0029097701378230324
-0.008631722614838567 -0.002617773573888925 -0.0030562384497648076
-0.008595335755705334 -0.0023438648874424977 -0.0030994680301995774
-0.006624801132612371 -0.002566174369680799 -0.0028836183951777465
-0.007002608257025795 -0.0028835200314596835 -0.002720238089028341
-0.006967919188578138 -0.002891297478891859 -0.0027143978986658044
-0.0071113864838670575 -0.0029598410656329985 -0.0027883442928121034
-0.007433603185541464 -0.0028792532403128716 -0.0026470275385622145
-0.007126841689273806 -0.0029483103849031215 -0.002518549866948933
-0.008807472819280421 -0.00222807110366503 -0.0034181828172762797
-0.0073389966352296705 -0.0029004644605824447 -0.0026310997466643888
-0.008606080547894244 -0.002536720482484441 -0.002991606062332523
-0.007417047039236901 -0.0028829652038600473 -0.002644240174980095
-0.007417047039236901 -0.0028829652038600473 -0.002644240174980095
-0.007512441977467958 -0.002861577223421563 -0.002660300698477069
-0.008606080547894244 -0.002536720482484441 -0.002991606062332523
-0.007425719306348814 -0.0028810208420020026 -0.002645700222570729
-0.008807472819280421 -0.00222807110366503 -0.0034181828172762797
-0.008807472819280421 -0.00222807110366503 -0.0034181828172762797
-0.008591366567736333 -0.0026346409233767307 -0.002931279906466913
-0.007417047039236901 -0.0028829652038600473 -0.002644240174980095
-0.0070980031952568535 -0.002862132051021198 -0.002736298612525316
-0.008431983334287007 -0.002563306436870603 -0.003072256489151042
-0.007321652101005843 -0.0029043531842985327 -0.002628179651483119
-0.007425719306348814 -0.0028810208420020026 -0.002645700222570729
-0.007499603659347477 -0.0026661907107184846 -0.0026530457128956498
-0.007347188217710186 -0.0025476405208361558 -0.0030415457622589605
-0.007221966605318102 0.0016086443600166135 -0.004910933269587337
-0.008631722614838567 -0.002617773573888925 -0.0030562384497648076
-0.008631722614838567 -0.002617773573888925 -0.0030562384497648076
-0.008631722614838567 -0.002617773573888925 -0.0030562384497648076
-0.007480616541988945 -0.0029046422884338057 -0.0027064183144144727
-0.007417047039236901 -0.0028829652038600473 -0.002644240174980095
-0.008631722614838567 -0.002617773573888925 -0.0030562384497648076
-0.008625749641237159 -0.002618784488227511 -0.0030350075621223367
-0.008625749641237159 -0.002618784488227511 -0.0030350075621223367
-0.008625749641237159 -0.002618784488227511 -0.0030350075621223367
-0.007382357970789242 -0.0028907426512922237 -0.002638399984617559
-0.008807472819280421 -0.00222807110366503 -0.0034181828172762797
-0.007253101824165549 -0.0029005707440359447 -0.0025562635581947287
-0.007331070822811253 -0.0028346399212853374 -0.0026447451037130763
-0.008631722614838567 -0.002617773573888925 -0.0030562384497648076
-0.008631722614838567 -0.002617773573888925 -0.0030562384497648076
-0.007512441977467958 -0.002861577223421563 -0.002660300698477069
-0.008595248203013479 -0.0023508683839276005 -0.0030827899756367305
-0.008807472819280421 -0.00222807110366503 -0.0034181828172762797
-0.007384188009950019 -0.0027979681097057424 -0.0027844801830162413
-0.008631722614838567 -0.002617773573888925 -0.0030562384497648076
-0.008631722614838567 -0.002617773573888925 -0.0030562384497648076
-0.008631722614838567 -0.002617773573888925 -0.0030562384497648076
-0.008631722614838567 -0.002617773573888925 -0.0030562384497648076
-0.007330610073625199 -0.0025432896687224704 -0.0029163766712362797
-0.00758389476858126 -0.002502402885818162 -0.0032121833753977255
-0.007312312736423783 -0.00290644711245335 -0.002626607292539361
-0.007312312736423783 -0.00290644711245335 -0.002626607292539361
-0.008627331832280576 -0.002609153615721936 -0.0029716716386399304
-0.007433603185541464 -0.0028792532403128716 -0.0026470275385622145
-0.007417047039236901 -0.0028829652038600473 -0.002644240174980095
-0.008807472819280421 -0.00222807110366503 -0.0034181828172762797
-0.007497368385658374 -0.00285747710928434 -0.002669038411338428
-0.008561942904966155 -0.0023572451397676935 -0.0032123165244974626
-0.008631722614838567 -0.002617773573888925 -0.0030562384497648076
-0.007393656593694629 -0.0028768734238468043 -0.0026024562484113817
-0.008631722614838567 -0.002617773573888925 -0.0030562384497648076
-0.007512441977467958 -0.002861577223421563 -0.002660300698477069
-0.007217581215379671 -0.002922655894040507 -0.0026164815103613378
-0.007321652101005843 -0.0029043531842985327 -0.002628179651483119
-0.007433603185541464 -0.0028792532403128716 -0.0026470275385622145
-0.007217581215379671 -0.002922655894040507 -0.0026164815103613378
-0.007321652101005843 -0.0029043531842985327 -0.002628179651483119
-0.008626651379697248 -0.002610766817679825 -0.0029717596502297715
-0.007417047039236901 -0.0028829652038600473 -0.002644240174980095
-0.007512441977467958 -0.002861577223421563 -0.002660300698477069
-0.007417047039236901 -0.0028829652038600473 -0.002644240174980095
-0.008631722614838567 -0.002617773573888925 -0.0030562384497648076
-0.007432236890820188 -0.002861201821859498 -0.002652586847371845
-0.008807472819280421 -0.00222807110366503 -0.0034181828172762797
-0.007417047039236901 -0.0028829652038600473 -0.002644240174980095
-0.008770226394297495 -0.0022352024422795332 -0.003563036674418864
-0.008679218851762488 -0.002164461989949209 -0.0035423623018154492
-0.007497368385658374 -0.00285747710928434 -0.002669038411338428
-0.008409995755314762 0.0024569024034363264 -0.005434935797498323
-0.008595248203013479 -0.0023508683839276005 -0.0030827899756367305
-0.007259684692668765 0.002314345126858021 -0.005300408279853541
-0.008609323370428378 -0.002622329082082969 -0.0029813258194929288
-0.007505055976654765 -0.0025200789027094725 -0.0031989102154828704
-0.008619623647802813 -0.002584683026264143 -0.003058268888272437
-0.0072002403614390455 -0.0029315742503111517 -0.002607738985214243
-0.007202866717232515 -0.002919649384723774 -0.002570335201417434
-0.008648816452154654 -0.0019062285768292884 -0.0036268933814621873
-0.008807472819280421 -0.00222807110366503 -0.0034181828172762797
-0.006917461960367245 -0.0029837549348466397 -0.0025770441267872588
-0.008591443589139344 -0.0023475871517381424 -0.003083305423800984
-0.008595248203013479 -0.0023508683839276005 -0.0030827899756367305
-0.008697080139770141 -0.0022526144913637114 -0.0033812636747735003
-0.008626651379697248 -0.002610766817679825 -0.0029717596502297715
-0.008575810966489399 -0.0022625492406576153 -0.0030988757049058234
-0.008623293095477479 -0.0026114098072270346 -0.002984820243906562
-0.008626076086827299 -0.0026042079620971883 -0.002976687316790413
-0.007096173156096074 -0.0029549065926076793 -0.0025902184141266345
-0.0069921059507531075 -0.00297823893490421 -0.002572697843039025
-0.007408374772124985 -0.0028849095657180915 -0.00264278012738946
-0.007512441977467958 -0.002861577223421563 -0.002660300698477069
-0.008622621438633517 -0.0026115384051364765 -0.0029874323626419203
-0.008626651379697248 -0.002610766817679825 -0.0029717596502297715
-0.00851733447333145 -0.0019588545002918244 -0.003492136080716152
-0.008623293095477479 -0.0026114098072270346 -0.002984820243906562
-0.008626651379697248 -0.002610766817679825 -0.0029717596502297715
-0.008626651379697248 -0.002610766817679825 -0.0029717596502297715
-0.0069921059507531075 -0.00297823893490421 -0.002572697843039025
-0.00880756037197228 -0.0022210676071799263 -0.003434860871839125
-0.00874430424365092 -0.002197639105983456 -0.00359138477399201
-0.008626651379697248 -0.002610766817679825 -0.0029717596502297715
-0.008622621438633517 -0.0026115384051364765 -0.0029874323626419203
-0.00848714466384656 0.003723952540796696 -0.00639908081776875
-0.00840274259870521 0.0024472691076748102 -0.005405320185731106
-0.008626651379697248 -0.002610766817679825 -0.0029717596502297715
-0.00860542131152222 -0.00229994073869953 -0.0032201661688975166
-0.008612546585974205 -0.002613467373778104 -0.003026614143672292
-0.007304307566782016 -0.0029082419080146207 -0.0026252595563018523
-0.008631722614838567 -0.002617773573888925 -0.0030562384497648076
-0.008574100013620438 -0.002160546577157881 -0.0031438838670726386
-0.007408374772124985 -0.0028849095657180915 -0.00264278012738946
-0.007433603185541464 -0.0028792532403128716 -0.0026470275385622145
-0.008750162011554126 -0.001924153176844835 -0.003806909763876483
-0.008602645870018273 -0.0023004721350195372 -0.0032309600479692425
-0.008623875938193304 -0.0026112982139998324 -0.0029825535293015
-0.00837623577505512 0.002937162376351685 -0.005625172199094968
-0.008618325055185411 -0.0026123610066398485 -0.003004141287444955
-0.008621100496689358 -0.00261182961031984 -0.002993347408373227
-0.007512441977467958 -0.002861577223421563 -0.002660300698477069
-0.007157140217915149 -0.0029299014745207334 -0.002562636768666817
-0.007512441977467958 -0.002861577223421563 -0.002660300698477069
-0.008631722614838567 -0.002617773573888925 -0.0030562384497648076
-0.007197086809761988 -0.002932281290986804 -0.002607208058817649
-0.008679218851762488 -0.002164461989949209 -0.0035423623018154492
-0.007157140217915149 -0.0029299014745207334 -0.002562636768666817
-0.007270238566023649 -0.002895907116482101 -0.00264736148654304
-0.008569789581611415 -0.002363720499656786 -0.0032860014449607703
-0.007304307566782016 -0.0029082419080146207 -0.0026252595563018523
-0.007445608460939963 -0.00255249638982413 -0.0030361775997951768
-0.008623293095477479 -0.0026114098072270346 -0.002984820243906562
-0.008531785251406502 -0.001842716216337984 -0.00414933694642392
-0.007527105777262966 -0.0028891753954680046 -0.0026254668219371476
-0.008631722614838567 -0.002617773573888925 -0.0030562384497648076
-0.008631722614838567 -0.002617773573888925 -0.0030562384497648076
-0.008575810966489399 -0.0022625492406576153 -0.0030988757049058234
-0.007512441977467958 -0.002861577223421563 -0.002660300698477069
-0.007121607880655607 -0.002943838189765893 -0.0026007118123560417
-0.008595248203013479 -0.0023508683839276005 -0.0030827899756367305
-0.008626651379697248 -0.002610766817679825 -0.0029717596502297715
-0.008626651379697248 -0.002610766817679825 -0.0029717596502297715
-0.008626651379697248 -0.002610766817679825 -0.0029717596502297715
-0.008631001706369176 -0.0026142494527607594 -0.0029762445268176206
-0.00686385198323517 -0.00291462982118839 -0.0026968773275781953
-0.00862054540838857 -0.002611935889583841 -0.002995506184187573
-0.008626040782566376 -0.0026108837248702273 -0.002974134303625553
-0.007425719306348814 -0.0028810208420020026 -0.002645700222570729
-0.008626651379697248 -0.002610766817679825 -0.0029717596502297715
-0.008626651379697248 -0.002610766817679825 -0.0029717596502297715
-0.00862054540838857 -0.002611935889583841 -0.002995506184187573
-0.008623320849892514 -0.0026114044932638338 -0.002984712305115845
-0.007512441977467958 -0.002861577223421563 -0.002660300698477069
-0.008807472819280421 -0.00222807110366503 -0.0034181828172762797
-0.007399702505013073 -0.002886853927576136 -0.0026413200797988272
-0.007226257162774788 -0.0029257411647370174 -0.0026121191279861442
-0.007226257162774788 -0.0029257411647370174 -0.0026121191279861442
-0.0072544681188868275 -0.00291862216248932 -0.0025507042493850976
-0.0073389966352296705 -0.0029004644605824447 -0.0026310997466643888
-0.007425719306348814 -0.0028810208420020026 -0.002645700222570729
-0.008637341236872795 -0.002621585515704339 -0.0030586284373952176
-0.008575810966489399 -0.0022625492406576153 -0.0030988757049058234
-0.008807472819280421 -0.00222807110366503 -0.0034181828172762797
-0.0070980031952568535 -0.002862132051021198 -0.002736298612525316
-0.007512441977467958 -0.002861577223421563 -0.002660300698477069
-0.007321652101005843 -0.0029043531842985327 -0.002628179651483119
-0.00838089344086895 0.0030528548401965215 -0.005738916120221938
-0.00743742779139642 -0.002622934829742149 -0.0028383194545189535
-0.007499215847256997 -0.002872221433521663 -0.002609454199067383
-0.008631722614838567 -0.002617773573888925 -0.0030562384497648076
-0.008625104828360859 -0.00261751026654678 -0.003037019162946179
-0.008631722614838567 -0.002617773573888925 -0.0030562384497648076
-0.007417047039236901 -0.0028829652038600473 -0.002644240174980095
-0.007512441977467958 -0.002861577223421563 -0.002660300698477069
-0.0073389966352296705 -0.0029004644605824447 -0.0026310997466643888
-0.007433603185541464 -0.0028792532403128716 -0.0026470275385622145
-0.008592532253167993 -0.0026344177369223274 -0.0029267464772567884
-0.008399312627227058 0.002675669753639435 -0.005546523510903195
-0.00861357022685286 -0.002626177498232551 -0.0029200154110756945
-0.008679218851762488 -0.002164461989949209 -0.0035423623018154492
-0.008631722614838567 -0.002617773573888925 -0.0030562384497648076
-0.008623293095477479 -0.0026114098072270346 -0.002984820243906562
-0.007321652101005843 -0.0029043531842985327 -0.002628179651483119
-0.008510496622707923 -0.002558932574684692 -0.0031834074171594087
-0.00862603557917373 -0.0025990754162755337 -0.0030831187175753443
-0.008631722614838567 -0.002617773573888925 -0.0030562384497648076
-0.008595248203013479 -0.0023508683839276005 -0.0030827899756367305
-0.008552619379434342 -0.002323623195822903 -0.0032035530839333633
-0.007450508944240805 -0.0026075241491894234 -0.002890063693673032
-0.008595248203013479 -0.0023508683839276005 -0.0030827899756367305
-0.007425719306348814 -0.0028810208420020026 -0.002645700222570729
-0.008626651379697248 -0.002610766817679825 -0.0029717596502297715
-0.0073447092141541055 -0.0029043401472442706 -0.0026335297006431333
-0.007512441977467958 -0.002861577223421563 -0.002660300698477069
-0.008807472819280421 -0.00222807110366503 -0.0034181828172762797
-0.00858007564523473 -0.002119957050733054 -0.0030742159017677806
-0.007417047039236901 -0.0028829652038600473 -0.002644240174980095
-0.008626651379697248 -0.002610766817679825 -0.0029717596502297715
-0.008617902964591898 -0.002612309128338417 -0.0029613226416590286
-0.008626651379697248 -0.002610766817679825 -0.0029717596502297715
-0.008620678406095844 -0.0026117777320184095 -0.0029505287625873006
-0.008626651379697248 -0.002610766817679825 -0.0029717596502297715
-0.007096173156096074 -0.0029549065926076793 -0.0025902184141266345
-0.0072759256016884785 -0.0029146052740954918 -0.0026204812187325035
-0.008339958280090045 0.0028769169157535856 -0.005749351540794531
-0.00860264576860958 -0.0025799559602678753 -0.0030200958299551137
-0.008423167009617623 0.0018040129277204088 -0.005080376008353919
-0.007153465851755949 0.0016334192506162225 -0.004744489488255643
-0.008631722614838567 -0.002617773573888925 -0.0030562384497648076
-0.008732484027052423 -0.0021119168408545923 -0.003558071308021401
-0.007135285815332142 -0.002854874211875986 -0.0027316368211066275
-0.008223086685105626 -0.002661269477439696 -0.00300059013980826
-0.007240281831254618 -0.002561980966796409 -0.0028740283759481743
-0.00856331324603887 -0.0022602721425092303 -0.0031010478456827625
-0.008595248203013479 -0.0023508683839276005 -0.0030827899756367305
-0.008726102549529192 -0.0018856988861629057 -0.0036640315417413344
-0.008572006352615269 -0.002259268008468157 -0.003099391153070076
-0.008575810966489399 -0.0022625492406576153 -0.0030988757049058234
-0.008635691660133752 -0.002377730433456143 -0.003141074654829416
-0.008575810966489399 -0.0022625492406576153 -0.0030988757049058234
-0.007417047039236901 -0.0028829652038600473 -0.002644240174980095
-0.007286963032558188 -0.0029121306317307105 -0.002622339461120584
-0.007174223560103304 -0.002937407335885283 -0.002603358842442341
-0.007512441977467958 -0.002861577223421563 -0.002660300698477069
-0.007433603185541464 -0.0028792532403128716 -0.0026470275385622145
-0.007193398133487908 -0.0028407440705827125 -0.00275235913602229
-0.008624107224985297 -0.002611253930973165 -0.0029816540393788563
-0.008631722614838567 -0.002617773573888925 -0.0030562384497648076
-0.008786330303797246 -0.0019102415281996318 -0.00368326739050687
-0.008626651379697248 -0.002610766817679825 -0.0029717596502297715
-0.008619934811257701 -0.002612052796774244 -0.002997880837583353
-0.0072759256016884785 -0.0029146052740954918 -0.0026204812187325035
-0.008623293095477479 -0.0026114098072270346 -0.002984820243906562
-0.008626651379697248 -0.002610766817679825 -0.0029717596502297715
-0.008623293095477479 -0.0026114098072270346 -0.002984820243906562
-0.008631722614838567 -0.002617773573888925 -0.0030562384497648076
-0.008629417095424339 -0.0026123962754773453 -0.0030596019307895525
-0.006967300967592551 -0.0029735806035530842 -0.002593552885880597
-0.007512441977467958 -0.002861577223421563 -0.002660300698477069
-0.007497368385658374 -0.00285747710928434 -0.002669038411338428
-0.007425719306348814 -0.0028810208420020026 -0.002645700222570729
-0.007425719306348814 -0.0028810208420020026 -0.002645700222570729
-0.007425719306348814 -0.0028810208420020026 -0.002645700222570729
-0.0072544681188868275 -0.00291862216248932 -0.0025507042493850976
-0.00856762768764018 -0.0022520263611919096 -0.003221846592036237
-0.008631722614838567 -0.002617773573888925 -0.0030562384497648076
-0.008679218851762488 -0.002164461989949209 -0.0035423623018154492
-0.008631722614838567 -0.002617773573888925 -0.0030562384497648076
-0.008631722614838567 -0.002617773573888925 -0.0030562384497648076
-0.008631722614838567 -0.002617773573888925 -0.0030562384497648076
-0.008631722614838567 -0.002617773573888925 -0.0030562384497648076
-0.008631722614838567 -0.002617773573888925 -0.0030562384497648076
-0.008459641421442713 0.001537107737759083 -0.005053824482481995
-0.007417047039236901 -0.0028829652038600473 -0.002644240174980095
-0.008631722614838567 -0.002617773573888925 -0.0030562384497648076
-0.007512441977467958 -0.002861577223421563 -0.002660300698477069
-0.007425719306348814 -0.0028810208420020026 -0.002645700222570729
-0.007297465338830878 -0.0028174117282861832 -0.0027698797071098995
-0.007165551292991388 -0.002939351697743327 -0.0026018987948517058
-0.0074401730848686716 -0.0028777802389052644 -0.0026481336352217853
-0.007252273964110531 -0.002919908079162886 -0.0026164992707580475
-0.0073389966352296705 -0.0029004644605824447 -0.0026310997466643888
-0.00862054540838857 -0.002611935889583841 -0.002995506184187573
-0.007417047039236901 -0.0028829652038600473 -0.002644240174980095
-0.0075528854345882305 -0.002888439272950105 -0.0027185853776697556
-0.007457490496357172 -0.0029098272533885916 -0.0027025248541727807
-0.008800532061364325 -0.002225602887107822 -0.003421672723176434
-0.007527105777262966 -0.0028891753954680046 -0.0026254668219371476
-0.00861960602818724 -0.002612115746799844 -0.002999159497104158
-0.008624302929193904 -0.0026112164607198316 -0.002980892932521234
-0.006410883502993134 -0.0031521456462311596 -0.002387721779684344
-0.007425719306348814 -0.0028810208420020026 -0.002645700222570729
-0.007417047039236901 -0.0028829652038600473 -0.002644240174980095
-0.008417731813585171 0.0022984846670823507 -0.00535413090158445
-0.008631722614838567 -0.002617773573888925 -0.0030562384497648076
-0.008807472819280421 -0.00222807110366503 -0.0034181828172762797
-0.007512441977467958 -0.002861577223421563 -0.002660300698477069
-0.008619793780168776 -0.002608070121442375 -0.002984148365372925
-0.008626651379697248 -0.002610766817679825 -0.0029717596502297715
-0.008595248203013479 -0.0023508683839276005 -0.0030827899756367305
-0.008595248203013479 -0.0023508683839276005 -0.0030827899756367305
-0.008595248203013479 -0.0023508683839276005 -0.0030827899756367305
-0.00856933933193486 -0.0019715406897450358 -0.003385941732578358
-0.007129483663887903 -0.002846048915222363 -0.0027552037287076944
-0.007567338622276694 -0.0025061148493653374 -0.003209396011815607
-0.008631722614838567 -0.002617773573888925 -0.0030562384497648076
-0.008631722614838567 -0.002617773573888925 -0.0030562384497648076
-0.008752937453058069 -0.0019236217805248276 -0.0037961158848047565
-0.007417047039236901 -0.0028829652038600473 -0.002644240174980095
-0.008631722614838567 -0.002617773573888925 -0.0030562384497648076
-0.007512441977467958 -0.002861577223421563 -0.002660300698477069
-0.007226257162774788 -0.0029257411647370174 -0.0026121191279861442
-0.007137476789614128 -0.002951616782362879 -0.0025988722354119273
-0.007417047039236901 -0.0028829652038600473 -0.002644240174980095
-0.008807472819280421 -0.00222807110366503 -0.0034181828172762797
-0.008623293095477479 -0.0026114098072270346 -0.002984820243906562
-0.007512441977467958 -0.002861577223421563 -0.002660300698477069
-0.007354764393614969 -0.0028969292572041828 -0.0026337543786473586
-0.008609334508919627 -0.002602460532242602 -0.002979141629221013
-0.007321652101005843 -0.0029043531842985327 -0.002628179651483119
-0.007321652101005843 -0.0029043531842985327 -0.002628179651483119
-0.0087875330978527 -0.002048624828710724 -0.0034757856292015644
-0.007305349218023526 -0.002815644126597052 -0.002771207023101385
-0.008423167009617623 0.0018040129277204088 -0.005080376008353919
-0.008595248203013479 -0.0023508683839276005 -0.0030827899756367305
-0.00874553978605327 -0.0019740180294328907 -0.0036479458124722424
-0.008575235673619452 -0.002255990385074979 -0.0031038033714664627
-0.007500343010432208 -0.0028284866757967795 -0.0026623311369846996
-0.007417047039236901 -0.0028829652038600473 -0.002644240174980095
-0.007417047039236901 -0.0028829652038600473 -0.002644240174980095
-0.008366380215796993 0.003175123760564254 -0.005739579399150589
-0.008547921414367424 -0.002051832347307278 -0.0031729646731979196
-0.008595248203013479 -0.0023508683839276005 -0.0030827899756367305
-0.00844071249016917 0.001994144682040364 -0.005273558946080886
-0.008595248203013479 -0.0023508683839276005 -0.0030827899756367305
-0.007512441977467958 -0.002861577223421563 -0.002660300698477069
-0.008595248203013479 -0.0023508683839276005 -0.0030827899756367305
-0.007512441977467958 -0.002861577223421563 -0.002660300698477069
-0.007425719306348814 -0.0028810208420020026 -0.002645700222570729
-0.008631722614838567 -0.002617773573888925 -0.0030562384497648076
-0.008631722614838567 -0.002617773573888925 -0.0030562384497648076
-0.008631722614838567 -0.002617773573888925 -0.0030562384497648076
-0.008631722614838567 -0.002617773573888925 -0.0030562384497648076
-0.008631722614838567 -0.002617773573888925 -0.0030562384497648076
-0.008631722614838567 -0.002617773573888925 -0.0030562384497648076
-0.008631722614838567 -0.002617773573888925 -0.0030562384497648076
-0.00856371199945365 -0.002229458693032833 -0.003100906143413453
-0.008631722614838567 -0.002617773573888925 -0.0030562384497648076
-0.008807472819280421 -0.00222807110366503 -0.0034181828172762797
-0.0069701807263027995 -0.0029722751325227947 -0.0025854072435646373
-0.007043742412183475 0.001225662101575056 -0.00459663543578721
-0.0072913802315867395 -0.0029112900935888263 -0.002547542741078012
-0.007417047039236901 -0.0028829652038600473 -0.002644240174980095
-0.008624107224985297 -0.002611253930973165 -0.0029816540393788563
-0.008631722614838567 -0.002617773573888925 -0.0030562384497648076
-0.007457490496357172 -0.0029098272533885916 -0.0027025248541727807
-0.00861079478534892 -0.0026267088945525594 -0.0029308092901474225
-0.007433603185541464 -0.0028792532403128716 -0.0026470275385622145
-0.008631722614838567 -0.002617773573888925 -0.0030562384497648076
-0.007321652101005843 -0.0029043531842985327 -0.002628179651483119
-0.007384188009950019 -0.0027979681097057424 -0.0027844801830162413
-0.008631722614838567 -0.002617773573888925 -0.0030562384497648076
-0.007417047039236901 -0.0028829652038600473 -0.002644240174980095
-0.007499360824623572 -0.0028769879039742888 -0.0026085564593229913
-0.008631722614838567 -0.002617773573888925 -0.0030562384497648076
-0.008631077801962263 -0.002616499352208195 -0.0030582500505886515
-0.008638611612032936 -0.002336436083989588 -0.003248835236322987
-0.00853929742105237 -0.0018720087022054941 -0.003386573639881358
-0.008487650902676041 -0.0025492152705150735 -0.0031377330345346713
-0.008572409796340337 -0.002016494874721525 -0.0033500151699611216
-0.008595248203013479 -0.0023508683839276005 -0.0030827899756367305
-0.008631722614838567 -0.002617773573888925 -0.0030562384497648076
-0.006967300967592551 -0.0029735806035530842 -0.002593552885880597
-0.007505501219551862 -0.002859109006864354 -0.0026637906043772233
-0.007499360824623572 -0.0028769879039742888 -0.0026085564593229913
-0.00880815327186376 -0.0022264579017071406 -0.0034180948056864364
-0.007096173156096074 -0.0029549065926076793 -0.0025902184141266345
-0.007399702505013073 -0.002886853927576136 -0.0026413200797988272
-0.008631722614838567 -0.002617773573888925 -0.0030562384497648076
-0.007226257162774788 -0.0029257411647370174 -0.0026121191279861442
-0.007417047039236901 -0.0028829652038600473 -0.002644240174980095
-0.007156507275100721 -0.002936135536774844 -0.0026064462479943313
-0.007425719306348814 -0.0028810208420020026 -0.002645700222570729
-0.008430514724672421 0.0063294481233864665 -0.007480815409386139
-0.008595248203013479 -0.0023508683839276005 -0.0030827899756367305
-0.008623293095477479 -0.0026114098072270346 -0.002984820243906562
-0.008430514724672421 0.0063294481233864665 -0.007480815409386139
-0.007116704943837018 0.0016160381388098956 -0.0049196448461961894
-0.0072544681188868275 -0.00291862216248932 -0.0025507042493850976
-0.0074430638405726425 -0.0028771321182859155 -0.0026486203177519974
-0.008623598394042909 -0.002611351353631833 -0.0029836329172086727
-0.007173458026692117 -0.0029419414677315857 -0.0025385337274575013
-0.008619398223087693 -0.0026204001134413402 -0.0029421440384625576
-0.007433603185541464 -0.0028792532403128716 -0.0026470275385622145
-0.008631722614838567 -0.002617773573888925 -0.0030562384497648076
-0.0073389966352296705 -0.0029004644605824447 -0.0026310997466643888
-0.007425719306348814 -0.0028810208420020026 -0.002645700222570729
-0.008575279845406326 -0.0020487187399897107 -0.0032283189439286353
-0.008619324214126832 -0.0026121697039646454 -0.003000255490979133
-0.00860542131152222 -0.00229994073869953 -0.0032201661688975166
-0.00862298779691204 -0.0026114682608222354 -0.0029860075706044523
-0.008611997048556422 -0.0026135725902494663 -0.0030287513317284937
-0.008459641421442713 0.001537107737759083 -0.005053824482481995
-0.008631722614838567 -0.002617773573888925 -0.0030562384497648076
-0.008807472819280421 -0.00222807110366503 -0.0034181828172762797
-0.008807472819280421 -0.00222807110366503 -0.0034181828172762797
-0.007425719306348814 -0.0028810208420020026 -0.002645700222570729
-0.008604717958306848 -0.0022952528337803406 -0.003314847181680241
-0.008631722614838567 -0.002617773573888925 -0.0030562384497648076
-0.008631722614838567 -0.002617773573888925 -0.0030562384497648076
-0.008623598394042909 -0.002611351353631833 -0.0029836329172086727
-0.00860542131152222 -0.00229994073869953 -0.0032201661688975166
-0.008631722614838567 -0.002617773573888925 -0.0030562384497648076
-0.008631722614838567 -0.002617773573888925 -0.0030562384497648076
-0.008569789581611415 -0.002363720499656786 -0.0032860014449607703
-0.008631722614838567 -0.002617773573888925 -0.0030562384497648076
-0.008631722614838567 -0.002617773573888925 -0.0030562384497648076
-0.008631722614838567 -0.002617773573888925 -0.0030562384497648076
-0.008631722614838567 -0.002617773573888925 -0.0030562384497648076
-0.008631722614838567 -0.002617773573888925 -0.0030562384497648076
-0.008631722614838567 -0.002617773573888925 -0.0030562384497648076
-0.008631722614838567 -0.002617773573888925 -0.0030562384497648076
-0.008631722614838567 -0.002617773573888925 -0.0030562384497648076
-0.008631722614838567 -0.002617773573888925 -0.0030562384497648076
-0.008631722614838567 -0.002617773573888925 -0.0030562384497648076
-0.00863751035927516 -0.0026217002564278796 -0.0030587003768222207
-0.008631722614838567 -0.002617773573888925 -0.0030562384497648076
-0.008631722614838567 -0.002617773573888925 -0.0030562384497648076
-0.007321652101005843 -0.0029043531842985327 -0.002628179651483119
-0.008679218851762488 -0.002164461989949209 -0.0035423623018154492
-0.007424910078965063 -0.0028802573743539456 -0.0026486842311749014
-0.007352458874200744 -0.0028915519587926035 -0.0026371178596721035
-0.008720081164651209 -0.0019868701451620763 -0.0038511572817962808
-0.007408374772124985 -0.0028849095657180915 -0.00264278012738946
-0.007321652101005843 -0.0029043531842985327 -0.002628179651483119
-0.006667915752869124 -0.003043972678649529 -0.0025261641490582822
-0.007118248017835493 -0.0029499573078781123 -0.0025939348989027938
-0.007339292723515855 -0.002527816160958874 -0.00289014091907059
-0.008679218851762488 -0.002164461989949209 -0.0035423623018154492
-0.0073389966352296705 -0.0029004644605824447 -0.0026310997466643888
-0.008798761704091685 -0.0022157904966083695 -0.0034379597844983586
-0.008794391666436037 -0.0022434817842177557 -0.0033664385781222014
-0.00867930640445434 -0.002157458493464106 -0.0035590403563782952
-0.008371006786142101 -0.0022987702705816954 -0.00359357083344412
-0.008631722614838567 -0.002617773573888925 -0.0030562384497648076
-0.008631722614838567 -0.002617773573888925 -0.0030562384497648076
-0.008807472819280421 -0.00222807110366503 -0.0034181828172762797
-0.008385309147070537 0.0027180868162829707 -0.005519844935551699
-0.008616576527037928 -0.0026126957863214528 -0.0030109414312601435
-0.008631722614838567 -0.002617773573888925 -0.0030562384497648076
-0.007512441977467958 -0.002861577223421563 -0.002660300698477069
-0.007061484087648418 -0.002962684040039857 -0.0025843782237640976
-0.007226257162774788 -0.0029257411647370174 -0.0026121191279861442
-0.008631722614838567 -0.002617773573888925 -0.0030562384497648076
-0.007118248017835493 -0.0029499573078781123 -0.0025939348989027938
-0.008625749641237159 -0.002618784488227511 -0.0030350075621223367
-0.007226257162774788 -0.0029257411647370174 -0.0026121191279861442
-0.008631722614838567 -0.002617773573888925 -0.0030562384497648076
-0.008580037531401463 -0.002276558492092852 -0.0033027733216980486
-0.007288793071718961 -0.0028193560901442274 -0.0027684196595192663
-0.007512441977467958 -0.002861577223421563 -0.002660300698477069
-0.007512441977467958 -0.002861577223421563 -0.002660300698477069
-0.007512441977467958 -0.002861577223421563 -0.002660300698477069
-0.008807472819280421 -0.00222807110366503 -0.0034181828172762797
-0.008631722614838567 -0.002617773573888925 -0.0030562384497648076
-0.007286239308895185 -0.0029474285738759058 -0.0026075288809871496
-0.007245795851774912 -0.0029205665243473627 -0.002549244201794464
-0.007417047039236901 -0.0028829652038600473 -0.002644240174980095
-0.008807472819280421 -0.00222807110366503 -0.0034181828172762797
-0.008631722614838567 -0.002617773573888925 -0.0030562384497648076
-0.008595248203013479 -0.0023508683839276005 -0.0030827899756367305
-0.008631722614838567 -0.002617773573888925 -0.0030562384497648076
-0.008631722614838567 -0.002617773573888925 -0.0030562384497648076
-0.008631722614838567 -0.002617773573888925 -0.0030562384497648076
-0.008631722614838567 -0.002617773573888925 -0.0030562384497648076
-0.008631722614838567 -0.002617773573888925 -0.0030562384497648076
-0.008631722614838567 -0.002617773573888925 -0.0030562384497648076
-0.008631722614838567 -0.002617773573888925 -0.0030562384497648076
-0.008631722614838567 -0.002617773573888925 -0.0030562384497648076
-0.00861864146199418 -0.002633184254441652 -0.0030044942106107297
-0.00858105323895607 -0.002313480105492509 -0.003195054116527193
-0.00857003637813271 -0.002250854579529326 -0.0031090779181535124
-0.008631722614838567 -0.002617773573888925 -0.0030562384497648076
-0.00856371199945365 -0.002229458693032833 -0.003100906143413453
-0.007512441977467958 -0.002861577223421563 -0.002660300698477069
-0.008807472819280421 -0.00222807110366503 -0.0034181828172762797
-0.008631722614838567 -0.002617773573888925 -0.0030562384497648076
-0.008631722614838567 -0.002617773573888925 -0.0030562384497648076
-0.008595248203013479 -0.0023508683839276005 -0.0030827899756367305
-0.00860447756000218 -0.0025796052386966705 -0.0030129718697677736
-0.008631722614838567 -0.002617773573888925 -0.0030562384497648076
-0.007313443680232243 0.0016228283248201326 -0.004933173517672537
-0.007304307566782016 -0.0029082419080146207 -0.0026252595563018523
-0.007028989173977058 -0.002969175570798467 -0.002512743012028611
-0.0072357572899417215 -0.0029044594677520327 -0.002553343463013461
-0.007237123584663 -0.002922510886205408 -0.0025477841542038302
-0.008617958273120844 -0.002611770951720898 -0.0029734163428424597
-0.008542228124291682 -0.0022689791361297095 -0.0032294816416737274
-0.008438411353267688 0.0018479338167393783 -0.005302231001149738
-0.007507426006787986 -0.002818476837573062 -0.00266723478141062
-0.008693372943508816 -0.0017791997656783404 -0.0037625224093390595
-0.008518877664702568 -0.0022356389557177175 -0.0032602035547995368
-0.00878478062519802 -0.0018958382699340252 -0.003683697222904612
-0.008623875938193304 -0.0026112982139998324 -0.0029825535293015
-0.007425719306348814 -0.0028810208420020026 -0.002645700222570729
-0.0073389966352296705 -0.0029004644605824447 -0.0026310997466643888
-0.008631722614838567 -0.002617773573888925 -0.0030562384497648076
-0.0072759256016884785 -0.0029146052740954918 -0.0026204812187325035
-0.007512441977467958 -0.002861577223421563 -0.002660300698477069
-0.007512441977467958 -0.002861577223421563 -0.002660300698477069
-0.008595248203013479 -0.0023508683839276005 -0.0030827899756367305
-0.007512441977467958 -0.002861577223421563 -0.002660300698477069
-0.007445732230453232 -0.002876533853098825 -0.0026490695631645003
-0.007362345046684826 -0.002895229640195403 -0.0026350306440237883
-0.008631722614838567 -0.002617773573888925 -0.0030562384497648076
-0.007512441977467958 -0.002861577223421563 -0.002660300698477069
-0.008631722614838567 -0.002617773573888925 -0.0030562384497648076
-0.00853279181872896 -0.002379944859597382 -0.0031479823079860847
-0.008778904575759057 -0.002250659230267517 -0.0033515818861598397
-0.00874510398768776 -0.002250144082849709 -0.0035000532041884803
-0.008631722614838567 -0.002617773573888925 -0.0030562384497648076
-0.00874283615674914 -0.0022378729377305027 -0.0034975737772092327
-0.008631722614838567 -0.002617773573888925 -0.0030562384497648076
-0.00853279181872896 -0.002379944859597382 -0.0031479823079860847
-0.008578432705756802 -0.002289983773218026 -0.0033069419078017334
-0.007105520588462651 -0.002851267007187747 -0.0027514023119907037
-0.007512441977467958 -0.002861577223421563 -0.002660300698477069
-0.007321652101005843 -0.0029043531842985327 -0.002628179651483119
-0.006948744615193535 -0.00298796074419443 -0.002565397605085854
-0.008631722614838567 -0.002617773573888925 -0.0030562384497648076
-0.00844071249016917 0.001994144682040364 -0.005273558946080886
-0.008672166071958837 -0.0026446356234174685 -0.0031145231289574932
-0.007425719306348814 -0.0028810208420020026 -0.002645700222570729
-0.008559986141280663 -0.002639206589554921 -0.0029009078219976153
-0.008595317351502896 -0.0023198147324405513 -0.003005246501897898
-0.008575810966489399 -0.0022625492406576153 -0.0030988757049058234
-0.007277063602002521 -0.002646411386350306 -0.00286086274186035
-0.007406282069824742 -0.002792701698732019 -0.002661785951839821
-0.007235979009841643 -0.002912225457629424 -0.002575909928581672
-0.008623875938193304 -0.0026112982139998324 -0.0029825535293015
-0.007391588417834839 -0.0028958173195892337 -0.0028474516443041343
-0.007433603185541464 -0.0028792532403128716 -0.0026470275385622145
-0.008595248203013479 -0.0023508683839276005 -0.0030827899756367305
-0.008569789581611415 -0.002363720499656786 -0.0032860014449607703
-0.007413786689000764 -0.0028885812688713994 -0.002645082189053535
-0.007512441977467958 -0.002861577223421563 -0.002660300698477069
-0.007197086809761988 -0.002932281290986804 -0.002607208058817649
-0.008623293095477479 -0.0026114098072270346 -0.002984820243906562
-0.008461671082693013 0.005003928779465263 -0.011857161426139533
-0.0073389966352296705 -0.0029004644605824447 -0.0026310997466643888
-0.008631722614838567 -0.002617773573888925 -0.0030562384497648076
-0.008631722614838567 -0.002617773573888925 -0.0030562384497648076
-0.008631722614838567 -0.002617773573888925 -0.0030562384497648076
-0.00856371199945365 -0.002229458693032833 -0.003100906143413453
-0.008595248203013479 -0.0023508683839276005 -0.0030827899756367305
-0.008610517241198523 -0.00262676203418456 -0.002931888678054594
-0.008610517241198523 -0.00262676203418456 -0.002931888678054594
-0.0072544681188868275 -0.00291862216248932 -0.0025507042493850976
-0.008631722614838567 -0.002617773573888925 -0.0030562384497648076
-0.008631722614838567 -0.002617773573888925 -0.0030562384497648076
-0.008631722614838567 -0.002617773573888925 -0.0030562384497648076
-0.008875031180878276 -0.0013302097671553735 -0.009070424193179582
-0.008588898321786841 -0.0023326148672166746 -0.003097919855445061
-0.008595248203013479 -0.0023508683839276005 -0.0030827899756367305
-0.007226257162774788 -0.0029257411647370174 -0.0026121191279861442
-0.008595248203013479 -0.0023508683839276005 -0.0030827899756367305
-0.008595248203013479 -0.0023508683839276005 -0.0030827899756367305
-0.008596835479078536 -0.002385169981936251 -0.0032921889618336025
-0.007130862224543731 -0.0029471291451755033 -0.0025960586044891693
-0.008798674151399826 -0.0022227939930934714 -0.0034212817299355135
-0.007245795851774912 -0.0029205665243473627 -0.002549244201794464
-0.007144427939942452 -0.002942965419124434 -0.0025119527906550167
-0.007073714658379063 0.0012343147873006455 -0.004546830234511652
-0.008807472819280421 -0.00222807110366503 -0.0034181828172762797
-0.008623598394042909 -0.002611351353631833 -0.0029836329172086727
-0.008544379371485939 -0.0022764122707253863 -0.0032808562865873922
-0.008575810966489399 -0.0022625492406576153 -0.0030988757049058234
-0.008581781659708009 -0.002291151546745131 -0.003065698520978587
-0.008807472819280421 -0.00222807110366503 -0.0034181828172762797
-0.006938229959069133 -0.002979232588476642 -0.002580338687941984
-0.0073389966352296705 -0.0029004644605824447 -0.0026310997466643888
-0.008625749641237159 -0.002618784488227511 -0.0030350075621223367
-0.007470234091823676 -0.002540035700979046 -0.0031232804567033496
-0.008625749641237159 -0.002618784488227511 -0.0030350075621223367
-0.008618183506544988 0.0023422983391477793 -0.005615527453265186
-0.008595248203013479 -0.0023508683839276005 -0.0030827899756367305
-0.008807472819280421 -0.00222807110366503 -0.0034181828172762797
-0.008631722614838567 -0.002617773573888925 -0.0030562384497648076
-0.008631722614838567 -0.002617773573888925 -0.0030562384497648076
-0.007341190790005965 -0.002899178543908878 -0.002565304725291438
-0.0071631262640688064 -0.0028476809798730065 -0.0026717222256171826
-0.008631722614838567 -0.002617773573888925 -0.0030562384497648076
-0.008603154371317203 -0.002640361700491412 -0.002989637518648369
-0.008663736552597749 -0.002638271856755577 -0.003043104923099248
-0.008595248203013479 -0.0023508683839276005 -0.0030827899756367305
-0.008672166071958837 -0.0026446356234174685 -0.0031145231289574932
-0.008626651379697248 -0.002610766817679825 -0.0029717596502297715
-0.008631722614838567 -0.002617773573888925 -0.0030562384497648076
-0.008466994235495542 -0.0022872592702117794 -0.0032069694601759018
-0.008595248203013479 -0.0023508683839276005 -0.0030827899756367305
-0.008794866763556964 -0.002030875067393358 -0.003411502252061437
-0.007242291416073286 -0.0029285948500133133 -0.002605183399011573
-0.007354764393614969 -0.0028969292572041828 -0.0026337543786473586
-0.008586839481127581 -0.0020323800642377075 -0.003335623083115375
-0.008625749641237159 -0.002618784488227511 -0.0030350075621223367
-0.007240281831254618 -0.002561980966796409 -0.0028740283759481743
-0.006946333776002331 0.0014337118443344238 -0.004990427092647927
-0.008595248203013479 -0.0023508683839276005 -0.0030827899756367305
-0.007321652101005843 -0.0029043531842985327 -0.002628179651483119
-0.007321652101005843 -0.0029043531842985327 -0.002628179651483119
-0.007321652101005843 -0.0029043531842985327 -0.002628179651483119
-0.007417047039236901 -0.0028829652038600473 -0.002644240174980095
-0.007433603185541464 -0.0028792532403128716 -0.0026470275385622145
-0.007297465338830878 -0.0028174117282861832 -0.0027698797071098995
-0.0074401730848686716 -0.0028777802389052644 -0.0026481336352217853
-0.007321652101005843 -0.0029043531842985327 -0.002628179651483119
-0.007288793071718961 -0.0028193560901442274 -0.0027684196595192663
-0.008417027142428082 -0.0022047854864618807 -0.003341787859233998
-0.008623875938193304 -0.0026112982139998324 -0.0029825535293015
-0.008586981370160106 -0.002635480529562342 -0.002948334235400244
-0.008544140861877969 0.002993809655139907 -0.005969430119507667
-0.007035467286312677 -0.0029685171256139888 -0.002579998080992195
-0.008621100496689358 -0.00261182961031984 -0.002993347408373227
-0.008956401450629498 -0.0016725819846574973 -0.008824575468714527
-0.008807472819280421 -0.00222807110366503 -0.0034181828172762797
-0.008798674151399826 -0.0022227939930934714 -0.0034212817299355135
-0.007512441977467958 -0.002861577223421563 -0.002660300698477069
-0.007512441977467958 -0.002861577223421563 -0.002660300698477069
-0.00862054540838857 -0.002611935889583841 -0.002995506184187573
-0.008631722614838567 -0.002617773573888925 -0.0030562384497648076
-0.007425719306348814 -0.0028810208420020026 -0.002645700222570729
-0.007226218880441178 -0.0025384397095052505 -0.002921361816395733
-0.00728598164653706 -0.002565131647753076 -0.002850542685528987
-0.008631722614838567 -0.002617773573888925 -0.0030562384497648076
-0.007321652101005843 -0.0029043531842985327 -0.002628179651483119
-0.008575810966489399 -0.0022625492406576153 -0.0030988757049058234
-0.007512441977467958 -0.002861577223421563 -0.002660300698477069
-0.007417047039236901 -0.0028829652038600473 -0.002644240174980095
-0.008631722614838567 -0.002617773573888925 -0.0030562384497648076
-0.008807472819280421 -0.00222807110366503 -0.0034181828172762797
-0.008631722614838567 -0.002617773573888925 -0.0030562384497648076
-0.008807472819280421 -0.00222807110366503 -0.0034181828172762797
-0.007425719306348814 -0.0028810208420020026 -0.002645700222570729
-0.0073389966352296705 -0.0029004644605824447 -0.0026310997466643888
-0.007425719306348814 -0.0028810208420020026 -0.002645700222570729
-0.008807472819280421 -0.00222807110366503 -0.0034181828172762797
-0.008595248203013479 -0.0023508683839276005 -0.0030827899756367305
-0.008626651379697248 -0.002610766817679825 -0.0029717596502297715
-0.008631722614838567 -0.002617773573888925 -0.0030562384497648076
-0.008597181397715798 -0.0026413726148299976 -0.002968406631005897
-0.007433603185541464 -0.0028792532403128716 -0.0026470275385622145
-0.007417047039236901 -0.0028829652038600473 -0.002644240174980095
-0.007321652101005843 -0.0029043531842985327 -0.002628179651483119
-0.007321652101005843 -0.0029043531842985327 -0.002628179651483119
-0.008807472819280421 -0.00222807110366503 -0.0034181828172762797
-0.008431903183855212 -0.0026779630209787277 -0.0028946415454627374
-0.008631722614838567 -0.002617773573888925 -0.0030562384497648076
-0.00862054540838857 -0.002611935889583841 -0.002995506184187573
-0.008667119884726732 -0.002131371442324426 -0.0035443927403230797
-0.008623293095477479 -0.0026114098072270346 -0.002984820243906562
-0.007512441977467958 -0.002861577223421563 -0.002660300698477069
-0.007425719306348814 -0.0028810208420020026 -0.002645700222570729
-0.0070015321224878605 -0.00302999896021712 -0.0026094824744627362
-0.007417047039236901 -0.0028829652038600473 -0.002644240174980095
-0.007512441977467958 -0.002861577223421563 -0.002660300698477069
-0.007321652101005843 -0.0029043531842985327 -0.002628179651483119
-0.007417047039236901 -0.0028829652038600473 -0.002644240174980095
-0.008631722614838567 -0.002617773573888925 -0.0030562384497648076
-0.008631722614838567 -0.002617773573888925 -0.0030562384497648076
-0.007462631419048727 -0.0028736887731015117 -0.002642538714263644
-0.008807472819280421 -0.00222807110366503 -0.0034181828172762797
-0.00874553978605327 -0.0019740180294328907 -0.0036479458124722424
-0.008369313534414384 0.0027233083333199942 -0.005495978944166447
-0.007512441977467958 -0.002861577223421563 -0.002660300698477069
-0.008608570052791793 0.002092596856766615 -0.01046021713392024
-0.008443997676588546 0.0019148242206361743 -0.005235423212729012
-0.008631722614838567 -0.002617773573888925 -0.0030562384497648076
-0.008610492546663535 -0.0023069474949086307 -0.0033046449684325514
-0.007150400913543857 -0.0029419545047858478 -0.0025331836782974894
-0.008631722614838567 -0.002617773573888925 -0.0030562384497648076
-0.008631722614838567 -0.002617773573888925 -0.0030562384497648076
-0.008631722614838567 -0.002617773573888925 -0.0030562384497648076
-0.008631722614838567 -0.002617773573888925 -0.0030562384497648076
-0.008807472819280421 -0.00222807110366503 -0.0034181828172762797
-0.0073389966352296705 -0.0029004644605824447 -0.0026310997466643888
-0.008619184806787507 -0.002608111615019798 -0.002975513942940544
-0.008595248203013479 -0.0023508683839276005 -0.0030827899756367305
-0.007417047039236901 -0.0028829652038600473 -0.002644240174980095
-0.00714903461882258 -0.002923903086332474 -0.0025387429871071188
-0.007321652101005843 -0.0029043531842985327 -0.002628179651483119
-0.008631722614838567 -0.002617773573888925 -0.0030562384497648076
-0.008631722614838567 -0.002617773573888925 -0.0030562384497648076
-0.008601663260165288 -0.002523510467049856 -0.00300943313764232
-0.00859808313617588 -0.002633354944282312 -0.0029051587191133324
-0.007321652101005843 -0.0029043531842985327 -0.002628179651483119
-0.007417047039236901 -0.0028829652038600473 -0.002644240174980095
-0.008503468647320628 -0.002554164460173105 -0.0031804179343039784
-0.008443997676588546 0.0019148242206361743 -0.005235423212729012
-0.008625749641237159 -0.002618784488227511 -0.0030350075621223367
-0.008807472819280421 -0.00222807110366503 -0.0034181828172762797
-0.008956401450629498 -0.0016725819846574973 -0.008824575468714527
-0.00865312511176842 -0.0026485481420643027 -0.003026549905008823
-0.008594724851956108 -0.0026339979338295206 -0.0029182193127901233
-0.008807472819280421 -0.00222807110366503 -0.0034181828172762797
-0.008613218242818155 -0.002613338775868662 -0.0030240020249369336
-0.008631722614838567 -0.002617773573888925 -0.0030562384497648076
-0.008807472819280421 -0.00222807110366503 -0.0034181828172762797
-0.007252273964110531 -0.002919908079162886 -0.0026164992707580475
-0.008565608367339612 -0.002261966089519371 -0.003079027777830062
-0.007330044805268892 -0.0029136003715719743 -0.0026491049590460277
-0.007312312736423783 -0.00290644711245335 -0.002626607292539361
-0.007445732230453232 -0.002876533853098825 -0.0026490695631645003
-0.007379022483438506 -0.0028914904827760882 -0.0026378384278519305
-0.008626651379697248 -0.002610766817679825 -0.0029717596502297715
-0.008595248203013479 -0.0023508683839276005 -0.0030827899756367305
-0.008561360062250325 -0.0023573567329948945 -0.003214583239102524
-0.007078828621872246 -0.002958795316323769 -0.0025872983189453645
-0.008623598394042909 -0.002611351353631833 -0.0029836329172086727
-0.007201790837750953 -0.0028499912578561536 -0.0027732844435851976
-0.007193398133487908 -0.0028407440705827125 -0.00275235913602229
-0.008631722614838567 -0.002617773573888925 -0.0030562384497648076
-0.008622421754148856 -0.0026091727522029955 -0.0029731426107964818
-0.008627492989290176 -0.002616179508412096 -0.003057621410331517
-0.00723524934591377 -0.002935648865387133 -0.0026345391003749752
-0.008599734275857385 -0.002281242581086139 -0.0032470464367080516
-0.008544696460103293 -0.0024065143788572713 -0.003091572000508837
-0.008801785783615589 -0.002209372946051638 -0.003445063085086817
-0.008513547768465366 -0.0022776886777575523 -0.00307667322463904
-0.007512441977467958 -0.002861577223421563 -0.002660300698477069
-0.007304066243894661 -0.0028995697178051073 -0.002638373649821371
-0.008631722614838567 -0.002617773573888925 -0.0030562384497648076
-0.008610517241198523 -0.00262676203418456 -0.002931888678054594
-0.008575810966489399 -0.0022625492406576153 -0.0030988757049058234
-0.008631722614838567 -0.002617773573888925 -0.0030562384497648076
-0.007041603380685296 -0.002966347408095857 -0.0025148667176149875
-0.008532199957101635 -0.002283805280730427 -0.003165864135540748
-0.007420522032697077 -0.0028946639208655995 -0.0025952832994081366
-0.007431071707716732 -0.0025192050059194386 -0.002906149422942124
-0.008562729813645018 -0.002277959921210342 -0.0030471314657517447
-0.008626651379697248 -0.002610766817679825 -0.0029717596502297715
-0.007008573055283868 -0.0026266131783007863 -0.0028973901211054626
-0.008586449535132882 -0.0023455912733560415 -0.0030858888882959634
-0.008807472819280421 -0.00222807110366503 -0.0034181828172762797
-0.007379440092349944 -0.0029273265101109874 -0.002689384425857075
-0.008807472819280421 -0.00222807110366503 -0.0034181828172762797
-0.007417047039236901 -0.0028829652038600473 -0.002644240174980095
-0.008626651379697248 -0.002610766817679825 -0.0029717596502297715
-0.00861357022685286 -0.002626177498232551 -0.0029200154110756945
-0.00704676590921806 -0.002954647898168569 -0.00254405434478602
-0.007165551292991388 -0.002939351697743327 -0.0026018987948517058
-0.00704676590921806 -0.002954647898168569 -0.00254405434478602
-0.008807472819280421 -0.00222807110366503 -0.0034181828172762797
-0.008613155810809974 -0.0026063889931882793 -0.0029931251274719294
-0.005281996928838001 0.01792174809324452 -0.0021884619024263464
-0.008631722614838567 -0.002617773573888925 -0.0030562384497648076
-0.008631722614838567 -0.002617773573888925 -0.0030562384497648076
-0.00874553978605327 -0.0019740180294328907 -0.0036479458124722424
-0.008779375939086816 -0.0019752149889566894 -0.0034993504158982724
-0.008631722614838567 -0.002617773573888925 -0.0030562384497648076
-0.008631722614838567 -0.002617773573888925 -0.0030562384497648076
-0.008528536374316434 -0.0022845067238728366 -0.003180112055915429
-0.007292268065179143 -0.0028310548071497784 -0.002719462783947306
-0.00861357022685286 -0.002626177498232551 -0.0029200154110756945
-0.00861357022685286 -0.002626177498232551 -0.0029200154110756945
-0.0071144281658842255 -0.002911017090541418 -0.0026675434299121017
-0.00861357022685286 -0.002626177498232551 -0.0029200154110756945
-0.00861357022685286 -0.002626177498232551 -0.0029200154110756945
-0.0072492708452350915 -0.0029322652413529132 -0.002500287326222504
-0.008679218851762488 -0.002164461989949209 -0.0035423623018154492
-0.007328109637161581 -0.002914589224461605 -0.00251356048613736
-0.00876630129400433 -0.0022421008875065 -0.0033551962469833257
-0.008807472819280421 -0.00222807110366503 -0.0034181828172762797
-0.007286963032558188 -0.0029121306317307105 -0.002622339461120584
-0.007286963032558188 -0.0029121306317307105 -0.002622339461120584
-0.007174223560103304 -0.002937407335885283 -0.002603358842442341
-0.007286963032558188 -0.0029121306317307105 -0.002622339461120584
-0.008626651379697248 -0.002610766817679825 -0.0029717596502297715
-0.006926752007794864 -0.002899733371508513 -0.0026413026393396844
-0.008618325055185411 -0.0026123610066398485 -0.003004141287444955
-0.008631722614838567 -0.002617773573888925 -0.0030562384497648076
-0.008615549613681474 -0.0026128924029598564 -0.003014935166516683
-0.0074156807445156245 -0.0028649137854066726 -0.002649799483789726
-0.007124942292141794 -0.0029548066205150347 -0.0027363951476215274
-0.007226257162774788 -0.0029257411647370174 -0.0026121191279861442
-0.008447488309197265 0.0052943612961142165 -0.012005303735314957
-0.008446735331938023 0.0018487238361326842 -0.005203643434935783
-0.008807472819280421 -0.00222807110366503 -0.0034181828172762797
-0.008220239477760617 -0.0037705132930229853 0.05436981585100001
-0.008447488309197265 0.0052943612961142165 -0.012005303735314957
-0.007252273964110531 -0.002919908079162886 -0.0026164992707580475
-0.008631722614838567 -0.002617773573888925 -0.0030562384497648076
-0.00751107568274668 -0.0028435258049681876 -0.0026658600072866994
-0.007433603185541464 -0.0028792532403128716 -0.0026470275385622145
-0.007433603185541464 -0.0028792532403128716 -0.0026470275385622145
-0.008626651379697248 -0.002610766817679825 -0.0029717596502297715
-0.008807472819280421 -0.00222807110366503 -0.0034181828172762797
-0.008623875938193304 -0.0026112982139998324 -0.0029825535293015
-0.008631722614838567 -0.002617773573888925 -0.0030562384497648076
-0.008595248203013479 -0.0023508683839276005 -0.0030827899756367305
-0.008786157732368608 -0.002241025934506001 -0.0033811974979270536
-0.007417047039236901 -0.0028829652038600473 -0.002644240174980095
-0.007321652101005843 -0.0029043531842985327 -0.002628179651483119
-0.008619398223087693 -0.0026204001134413402 -0.0029421440384625576
-0.008595248203013479 -0.0023508683839276005 -0.0030827899756367305
-0.007354764393614969 -0.0028969292572041828 -0.0026337543786473586
-0.007354764393614969 -0.0028969292572041828 -0.0026337543786473586
-0.008445444722987557 0.0018798854459700443 -0.005218625330181165
-0.008575810966489399 -0.0022625492406576153 -0.0030988757049058234
-0.008575810966489399 -0.0022625492406576153 -0.0030988757049058234
-0.008631722614838567 -0.002617773573888925 -0.0030562384497648076
-0.008631722614838567 -0.002617773573888925 -0.0030562384497648076
-0.008671965695152934 -0.0021740952857107255 -0.003512746690048235
-0.007512441977467958 -0.002861577223421563 -0.002660300698477069
-0.0072759256016884785 -0.0029146052740954918 -0.0026204812187325035
-0.007281911509748052 -0.0029186664003105142 -0.002623027438451858
-0.007425719306348814 -0.0028810208420020026 -0.002645700222570729
-0.008631722614838567 -0.002617773573888925 -0.0030562384497648076
-0.008680937228118383 -0.0018893912821758467 -0.003815856448751781
-0.008631722614838567 -0.002617773573888925 -0.0030562384497648076
-0.008631722614838567 -0.002617773573888925 -0.0030562384497648076
-0.008631722614838567 -0.002617773573888925 -0.0030562384497648076
-0.008631722614838567 -0.002617773573888925 -0.0030562384497648076
-0.007433603185541464 -0.0028792532403128716 -0.0026470275385622145
-0.007512441977467958 -0.002861577223421563 -0.002660300698477069
-0.007512441977467958 -0.002861577223421563 -0.002660300698477069
-0.008631722614838567 -0.002617773573888925 -0.0030562384497648076
-0.008608884208165427 -0.0022834000646828508 -0.0033234636440891982
-0.008631722614838567 -0.002617773573888925 -0.0030562384497648076
-0.008631722614838567 -0.002617773573888925 -0.0030562384497648076
-0.008807472819280421 -0.00222807110366503 -0.0034181828172762797
-0.008807472819280421 -0.00222807110366503 -0.0034181828172762797
-0.008459151740438384 -0.0018933053874273722 -0.0034912046931184376
-0.007512441977467958 -0.002861577223421563 -0.002660300698477069
-0.007425719306348814 -0.0028810208420020026 -0.002645700222570729
-0.008631722614838567 -0.002617773573888925 -0.0030562384497648076
-0.007315794357806214 0.0012950459954197428 -0.004658331011870521
-0.008626651379697248 -0.002610766817679825 -0.0029717596502297715
-0.008325487746276878 0.004502793101675154 -0.006581299662330791
-0.008631722614838567 -0.002617773573888925 -0.0030562384497648076
-0.008619934811257701 -0.002612052796774244 -0.002997880837583353
-0.008588127673934343 -0.0022990094040643374 -0.003091567593790971
-0.008672166071958837 -0.0026446356234174685 -0.0031145231289574932
-0.008603495374193547 -0.00262810646687418 -0.0029591971921060656
-0.007354764393614969 -0.0028969292572041828 -0.0026337543786473586
-0.007080540025121074 -0.002917505439608713 -0.0027993366933778967
-0.008631722614838567 -0.002617773573888925 -0.0030562384497648076
-0.008626517040251233 -0.002611719046983854 -0.0030415628987993885
-0.007408374772124985 -0.0028849095657180915 -0.00264278012738946
-0.0072002403614390455 -0.0029315742503111517 -0.002607738985214243
-0.0071029380521907964 -0.0029594962215493143 -0.0025930959912067253
-0.008682714461905687 -0.0022443782184288553 -0.0033391074795681218
-0.007512441977467958 -0.002861577223421563 -0.002660300698477069
-0.008807472819280421 -0.00222807110366503 -0.0034181828172762797
-0.007512441977467958 -0.002861577223421563 -0.002660300698477069
-0.007226257162774788 -0.0029257411647370174 -0.0026121191279861442
-0.008631722614838567 -0.002617773573888925 -0.0030562384497648076
-0.00831453712487896 0.0047671946396891166 -0.006708418773503706
-0.008631722614838567 -0.002617773573888925 -0.0030562384497648076
-0.008575810966489399 -0.0022625492406576153 -0.0030988757049058234
-0.008621100496689358 -0.00261182961031984 -0.002993347408373227
-0.008623875938193304 -0.0026112982139998324 -0.0029825535293015
-0.008631722614838567 -0.002617773573888925 -0.0030562384497648076
-0.008631722614838567 -0.002617773573888925 -0.0030562384497648076
-0.008631722614838567 -0.002617773573888925 -0.0030562384497648076
-0.008631722614838567 -0.002617773573888925 -0.0030562384497648076
-0.008631722614838567 -0.002617773573888925 -0.0030562384497648076
-0.008631722614838567 -0.002617773573888925 -0.0030562384497648076
-0.007130862224543731 -0.0029471291451755033 -0.0025960586044891693
-0.00751107568274668 -0.0028435258049681876 -0.0026658600072866994
-0.008623598394042909 -0.002611351353631833 -0.0029836329172086727
-0.008631722614838567 -0.002617773573888925 -0.0030562384497648076
-0.00876723701302263 -0.0022299341231942042 -0.0035702610724889163
-0.008631722614838567 -0.002617773573888925 -0.0030562384497648076
-0.008625749641237159 -0.002618784488227511 -0.0030350075621223367
-0.008711616845983771 -0.0018617236179779566 -0.0036940107222111036
-0.007512441977467958 -0.002861577223421563 -0.002660300698477069
-0.008631722614838567 -0.002617773573888925 -0.0030562384497648076
-0.008807472819280421 -0.00222807110366503 -0.0034181828172762797
-0.008631722614838567 -0.002617773573888925 -0.0030562384497648076
-0.0082683754568809 0.002256154640161597 -0.0055150636412277685
-0.008595248203013479 -0.0023508683839276005 -0.0030827899756367305
-0.008631722614838567 -0.002617773573888925 -0.0030562384497648076
-0.008605272582311635 -0.002222237478678454 -0.003383424652662332
-0.008674915864238467 -0.0018226245282832137 -0.0038203506610671165
-0.008562030457658012 -0.0023502416432825907 -0.0032289945790603086
-0.008625749641237159 -0.002618784488227511 -0.0030350075621223367
-0.008625749641237159 -0.002618784488227511 -0.0030350075621223367
-0.008631722614838567 -0.002617773573888925 -0.0030562384497648076
-0.008595248203013479 -0.0023508683839276005 -0.0030827899756367305
-0.008595248203013479 -0.0023508683839276005 -0.0030827899756367305
-0.008592267675361503 -0.002355748204630499 -0.0030868766222281623
-0.008631722614838567 -0.002617773573888925 -0.0030562384497648076
-0.008593725820099664 -0.002629976981920607 -0.002997191646438546
-0.008595248203013479 -0.0023508683839276005 -0.0030827899756367305
-0.008803243193732034 -0.0022264770381882 -0.0034195657778429886
-0.008615287435654881 -0.002517036538790566 -0.0030871362613586017
-0.007417047039236901 -0.0028829652038600473 -0.002644240174980095
-0.008631722614838567 -0.002617773573888925 -0.0030562384497648076
-0.007321652101005843 -0.0029043531842985327 -0.002628179651483119
-0.007341190790005965 -0.002899178543908878 -0.002565304725291438
-0.008503468647320628 -0.002554164460173105 -0.0031804179343039784
-0.008576578365503476 -0.0022554837994139586 -0.0031054310415828752
-0.008595248203013479 -0.0023508683839276005 -0.0030827899756367305
-0.008595248203013479 -0.0023508683839276005 -0.0030827899756367305
-0.008623029508262159 -0.002618777707929999 -0.003057895142377495
-0.008594724851956108 -0.0026339979338295206 -0.0029182193127901233
-0.008631722614838567 -0.002617773573888925 -0.0030562384497648076
-0.008625749641237159 -0.002618784488227511 -0.0030350075621223367
-0.008625749641237159 -0.002618784488227511 -0.0030350075621223367
-0.008631722614838567 -0.002617773573888925 -0.0030562384497648076
-0.00861853115065566 -0.002629543226123084 -0.0029221256342677627
-0.007420522032697077 -0.0028946639208655995 -0.0025952832994081366
-0.007391588417834839 -0.0028958173195892337 -0.0028474516443041343
-0.007512441977467958 -0.002861577223421563 -0.002660300698477069
-0.008807472819280421 -0.00222807110366503 -0.0034181828172762797
-0.008631722614838567 -0.002617773573888925 -0.0030562384497648076
-0.008631722614838567 -0.002617773573888925 -0.0030562384497648076
-0.008619623647802813 -0.002584683026264143 -0.003058268888272437
-0.007512441977467958 -0.002861577223421563 -0.002660300698477069
-0.008631722614838567 -0.002617773573888925 -0.0030562384497648076
-0.008781928106820222 -0.0022394318690291703 -0.003382580458493765
-0.008631722614838567 -0.002617773573888925 -0.0030562384497648076
-0.007417047039236901 -0.0028829652038600473 -0.002644240174980095
-0.007321652101005843 -0.0029043531842985327 -0.002628179651483119
-0.008631722614838567 -0.002617773573888925 -0.0030562384497648076
-0.008807472819280421 -0.00222807110366503 -0.0034181828172762797
-0.008631722614838567 -0.002617773573888925 -0.0030562384497648076
-0.007425719306348814 -0.0028810208420020026 -0.002645700222570729
-0.007425719306348814 -0.0028810208420020026 -0.002645700222570729
-0.007425719306348814 -0.0028810208420020026 -0.002645700222570729
-0.008625749641237159 -0.002618784488227511 -0.0030350075621223367
-0.008807472819280421 -0.00222807110366503 -0.0034181828172762797
-0.007336315900800851 -0.0029319513563449747 -0.0025933457749431977
-0.00858883253438864 -0.002304142919242721 -0.003090698698256512
-0.00720741517301281 -0.002920616022065489 -0.002623041269062843
-0.008595248203013479 -0.0023508683839276005 -0.0030827899756367305
-0.008623598394042909 -0.002611351353631833 -0.0029836329172086727
-0.007433603185541464 -0.0028792532403128716 -0.0026470275385622145
-0.008631722614838567 -0.002617773573888925 -0.0030562384497648076
-0.007425719306348814 -0.0028810208420020026 -0.002645700222570729
-0.008808240218294494 -0.0022210056624213733 -0.0034247381539533306
-0.008807705081677443 -0.002226261580096435 -0.0034187572376428578
-0.008807705081677443 -0.002226261580096435 -0.0034187572376428578
-0.0073447092141541055 -0.0029043401472442706 -0.0026335297006431333
-0.008631722614838567 -0.002617773573888925 -0.0030562384497648076
-0.008793350669347893 -0.0020131459396916457 -0.003410202333136717
-0.008611499427007157 -0.0025782608060070512 -0.0029856633557163027
-0.008623029508262159 -0.002618777707929999 -0.003057895142377495
-0.008625749641237159 -0.002618784488227511 -0.0030350075621223367
-0.007239862962465837 -0.0029190067869510387 -0.0026298126468236173
-0.008595248203013479 -0.0023508683839276005 -0.0030827899756367305
-0.008595248203013479 -0.0023508683839276005 -0.0030827899756367305
-0.008423997015551486 -0.002388469704414915 -0.002987794002451099
-0.008595248203013479 -0.0023508683839276005 -0.0030827899756367305
-0.007527105777262966 -0.0028891753954680046 -0.0026254668219371476
-0.007226257162774788 -0.0029257411647370174 -0.0026121191279861442
-0.008595248203013479 -0.0023508683839276005 -0.0030827899756367305
-0.008739807127813465 -0.0022371076427152295 -0.0034002902940469203
-0.008807472819280421 -0.00222807110366503 -0.0034181828172762797
-0.008595248203013479 -0.0023508683839276005 -0.0030827899756367305
-0.007500343010432208 -0.0028284866757967795 -0.0026623311369846996
-0.008595248203013479 -0.0023508683839276005 -0.0030827899756367305
-0.008542505668442078 -0.002268925996497709 -0.003228402253766555
-0.008625749641237159 -0.002618784488227511 -0.0030350075621223367
-0.007425719306348814 -0.0028810208420020026 -0.002645700222570729
-0.00857378652841052 -0.002255698490025952 -0.0031018512539381167
-0.008595248203013479 -0.0023508683839276005 -0.0030827899756367305
-0.008595248203013479 -0.0023508683839276005 -0.0030827899756367305
-0.008798674151399826 -0.0022227939930934714 -0.0034212817299355135
-0.0073389966352296705 -0.0029004644605824447 -0.0026310997466643888
-0.007391588417834839 -0.0028958173195892337 -0.0028474516443041343
-0.008561360062250325 -0.0023573567329948945 -0.003214583239102524
-0.008626651379697248 -0.002610766817679825 -0.0029717596502297715
-0.008619623647802813 -0.002584683026264143 -0.003058268888272437
-0.008625749641237159 -0.002618784488227511 -0.0030350075621223367
-0.008625749641237159 -0.002618784488227511 -0.0030350075621223367
-0.00712563250067299 -0.0025793240793088373 -0.0028229912834098567
-0.007321652101005843 -0.0029043531842985327 -0.002628179651483119
-0.008631722614838567 -0.002617773573888925 -0.0030562384497648076
-0.007288793071718961 -0.0028193560901442274 -0.0027684196595192663
-0.007425719306348814 -0.0028810208420020026 -0.002645700222570729
-0.007123266993525987 -0.002891812899988024 -0.0026054213971870256
-0.008808240218294494 -0.0022210056624213733 -0.0034247381539533306
-0.008595248203013479 -0.0023508683839276005 -0.0030827899756367305
-0.008575810966489399 -0.0022625492406576153 -0.0030988757049058234
-0.008807472819280421 -0.00222807110366503 -0.0034181828172762797
-0.008631722614838567 -0.002617773573888925 -0.0030562384497648076
-0.008803243193732034 -0.0022264770381882 -0.0034195657778429886
-0.0073389966352296705 -0.0029004644605824447 -0.0026310997466643888
-0.007497368385658374 -0.00285747710928434 -0.002669038411338428
-0.0073389966352296705 -0.0029004644605824447 -0.0026310997466643888
-0.0073389966352296705 -0.0029004644605824447 -0.0026310997466643888
-0.008197234391429746 -0.002400308251047456 -0.0030900327070717635
-0.00874553978605327 -0.0019740180294328907 -0.0036479458124722424
-0.008575810966489399 -0.0022625492406576153 -0.0030988757049058234
-0.008631722614838567 -0.002617773573888925 -0.0030562384497648076
-0.007354035981122192 -0.002898122165368946 -0.002623403417338451
-0.008807472819280421 -0.00222807110366503 -0.0034181828172762797
-0.007512441977467958 -0.002861577223421563 -0.002660300698477069
-0.007425719306348814 -0.0028810208420020026 -0.002645700222570729
-0.007425719306348814 -0.0028810208420020026 -0.002645700222570729
-0.008732789020624649 -0.00177162802024471 -0.0036573688814536673
-0.008631722614838567 -0.002617773573888925 -0.0030562384497648076
-0.007433603185541464 -0.0028792532403128716 -0.0026470275385622145
-0.007433603185541464 -0.0028792532403128716 -0.0026470275385622145
-0.008623875938193304 -0.0026112982139998324 -0.0029825535293015
-0.008590986741896952 -0.002619507330589253 -0.002959461001683236
-0.008623875938193304 -0.0026112982139998324 -0.0029825535293015
-0.008621100496689358 -0.00261182961031984 -0.002993347408373227
-0.008618325055185411 -0.0026123610066398485 -0.003004141287444955
-0.008631722614838567 -0.002617773573888925 -0.0030562384497648076
-0.008572006352615269 -0.002259268008468157 -0.003099391153070076
-0.008798674151399826 -0.0022227939930934714 -0.0034212817299355135
-0.008595248203013479 -0.0023508683839276005 -0.0030827899756367305
-0.008807472819280421 -0.00222807110366503 -0.0034181828172762797
-0.008807472819280421 -0.00222807110366503 -0.0034181828172762797
-0.008631722614838567 -0.002617773573888925 -0.0030562384497648076
-0.00879322228616669 -0.0020111920745646134 -0.0034101297832809046
-0.00879322228616669 -0.0020111920745646134 -0.0034101297832809046
-0.008807472819280421 -0.00222807110366503 -0.0034181828172762797
-0.00878478062519802 -0.0018958382699340252 -0.003683697222904612
-0.008807472819280421 -0.00222807110366503 -0.0034181828172762797
-0.008595248203013479 -0.0023508683839276005 -0.0030827899756367305
-0.007417047039236901 -0.0028829652038600473 -0.002644240174980095
-0.008807472819280421 -0.00222807110366503 -0.0034181828172762797
-0.008631722614838567 -0.002617773573888925 -0.0030562384497648076
-0.008595248203013479 -0.0023508683839276005 -0.0030827899756367305
-0.008631722614838567 -0.002617773573888925 -0.0030562384497648076
-0.00720486198372567 0.0012561087158621466 -0.004822346741788216
-0.008568710617794685 -0.001962335785202231 -0.00339329812397141
-0.008595248203013479 -0.0023508683839276005 -0.0030827899756367305
-0.008595248203013479 -0.0023508683839276005 -0.0030827899756367305
-0.007512441977467958 -0.002861577223421563 -0.002660300698477069
-0.007417047039236901 -0.0028829652038600473 -0.002644240174980095
-0.008631722614838567 -0.002617773573888925 -0.0030562384497648076
-0.008608884208165427 -0.0022834000646828508 -0.0033234636440891982
-0.008595248203013479 -0.0023508683839276005 -0.0030827899756367305
-0.008595248203013479 -0.0023508683839276005 -0.0030827899756367305
-0.008808240218294494 -0.0022210056624213733 -0.0034247381539533306
-0.008807472819280421 -0.00222807110366503 -0.0034181828172762797
-0.008631722614838567 -0.002617773573888925 -0.0030562384497648076
-0.00717426095615394 -0.002550060681740835 -0.003125838745644864
-0.008637824647007615 -0.002645722566670902 -0.0029553835082046487
-0.00860985995859839 -0.0026139817654158718 -0.003037062618613724
-0.008631722614838567 -0.002617773573888925 -0.0030562384497648076
-0.008575810966489399 -0.0022625492406576153 -0.0030988757049058234
-0.008625749641237159 -0.002618784488227511 -0.0030350075621223367
-0.008807472819280421 -0.00222807110366503 -0.0034181828172762797
-0.008631722614838567 -0.002617773573888925 -0.0030562384497648076
-0.008595248203013479 -0.0023508683839276005 -0.0030827899756367305
-0.007424353011627537 -0.0028629694235486293 -0.0026512595313803607
-0.007425719306348814 -0.0028810208420020026 -0.002645700222570729
-0.008602645870018273 -0.0023004721350195372 -0.0032309600479692425
-0.007340360784072105 0.0012933040882264464 -0.004657886731194258
-0.008595248203013479 -0.0023508683839276005 -0.0030827899756367305
-0.008631722614838567 -0.002617773573888925 -0.0030562384497648076
-0.008631722614838567 -0.002617773573888925 -0.0030562384497648076
-0.008631722614838567 -0.002617773573888925 -0.0030562384497648076
-0.008631722614838567 -0.002617773573888925 -0.0030562384497648076
-0.008631722614838567 -0.002617773573888925 -0.0030562384497648076
-0.008631722614838567 -0.002617773573888925 -0.0030562384497648076
-0.008631722614838567 -0.002617773573888925 -0.0030562384497648076
-0.00730294127206074 -0.0028901904895612465 -0.002630818865111484
-0.008631722614838567 -0.002617773573888925 -0.0030562384497648076
-0.008542384926174887 -0.0022620306020764546 -0.0032384116317465596
-0.008626651379697248 -0.002610766817679825 -0.0029717596502297715
-0.00862298779691204 -0.0026114682608222354 -0.0029860075706044523
-0.008620091613140911 -0.002605104262720988 -0.003006810827656186
-0.00862298779691204 -0.0026114682608222354 -0.0029860075706044523
-0.007408374772124985 -0.0028849095657180915 -0.00264278012738946
-0.007165551292991388 -0.002939351697743327 -0.0026018987948517058
-0.006548049152508003 -0.00299939719067363 -0.0025125693034668737
-0.007527105777262966 -0.0028891753954680046 -0.0026254668219371476
-0.008595248203013479 -0.0023508683839276005 -0.0030827899756367305
-0.008807472819280421 -0.00222807110366503 -0.0034181828172762797
-0.0073389966352296705 -0.0029004644605824447 -0.0026310997466643888
-0.008631722614838567 -0.002617773573888925 -0.0030562384497648076
-0.008631722614838567 -0.002617773573888925 -0.0030562384497648076
-0.008792399227470833 -0.0022239709895278074 -0.0034269205301376386
-0.008807472819280421 -0.00222807110366503 -0.0034181828172762797
-0.008807472819280421 -0.00222807110366503 -0.0034181828172762797
-0.008807472819280421 -0.00222807110366503 -0.0034181828172762797
-0.008573983285010155 -0.0025417162922458224 -0.0030144647024055297
-0.008595248203013479 -0.0023508683839276005 -0.0030827899756367305
-0.008631722614838567 -0.002617773573888925 -0.0030562384497648076
-0.008595248203013479 -0.0023508683839276005 -0.0030827899756367305
-0.008807472819280421 -0.00222807110366503 -0.0034181828172762797
-0.007433603185541464 -0.0028792532403128716 -0.0026470275385622145
-0.007445732230453232 -0.002876533853098825 -0.0026490695631645003
-0.007445732230453232 -0.002876533853098825 -0.0026490695631645003
-0.008512937231065236 -0.0026330697743141666 -0.0029983939996991197
-0.008595248203013479 -0.0023508683839276005 -0.0030827899756367305
-0.008631722614838567 -0.002617773573888925 -0.0030562384497648076
-0.008631722614838567 -0.002617773573888925 -0.0030562384497648076
-0.008552561394369726 -0.0023520796224233364 -0.0032176821517617576
-0.008798674151399826 -0.0022227939930934714 -0.0034212817299355135
-0.008764786010636672 -0.002229282342160766 -0.0035530749934013068
-0.008552561394369726 -0.0023520796224233364 -0.0032176821517617576
-0.008631722614838567 -0.002617773573888925 -0.0030562384497648076
-0.007252273964110531 -0.002919908079162886 -0.0026164992707580475
-0.008595248203013479 -0.0023508683839276005 -0.0030827899756367305
-0.007433603185541464 -0.0028792532403128716 -0.0026470275385622145
-0.008595248203013479 -0.0023508683839276005 -0.0030827899756367305
-0.008736741118172677 -0.0019687409188613317 -0.0036510447251314757
-0.007149637494539605 -0.0025634649375075435 -0.0029248065138362017
-0.008631722614838567 -0.002617773573888925 -0.0030562384497648076
-0.008566281825860115 -0.0019718647223543537 -0.0033575692413423475
-0.0072544681188868275 -0.00291862216248932 -0.0025507042493850976
-0.008807472819280421 -0.00222807110366503 -0.0034181828172762797
-0.008595248203013479 -0.0023508683839276005 -0.0030827899756367305
-0.008575810966489399 -0.0022625492406576153 -0.0030988757049058234
-0.008595248203013479 -0.0023508683839276005 -0.0030827899756367305
-0.007433603185541464 -0.0028792532403128716 -0.0026470275385622145
-0.007425719306348814 -0.0028810208420020026 -0.002645700222570729
-0.007341190790005965 -0.002899178543908878 -0.002565304725291438
-0.008595248203013479 -0.0023508683839276005 -0.0030827899756367305
-0.008546208273120968 -0.0020069034817394977 -0.0034865458255582482
-0.008623293095477479 -0.0026114098072270346 -0.002984820243906562
-0.008595248203013479 -0.0023508683839276005 -0.0030827899756367305
-0.008318374735751555 0.003240854777231752 -0.005689064197303241
-0.008603855858953399 -0.0025230906639570495 -0.003000905973175655
-0.0086181030198651 -0.0026124035183454483 -0.0030050047977706927
-0.007261521992145613 0.0012756280713351362 -0.004644613571279401
-0.008595248203013479 -0.0023508683839276005 -0.0030827899756367305
-0.008571847359546575 -0.0022979136313062824 -0.003329862449246151
-0.007424353011627537 -0.0028629694235486293 -0.0026512595313803607
-0.0074401730848686716 -0.0028777802389052644 -0.0026481336352217853
-0.00714903461882258 -0.002923903086332474 -0.0025387429871071188
-0.007512441977467958 -0.002861577223421563 -0.002660300698477069
-0.008631722614838567 -0.002617773573888925 -0.0030562384497648076
-0.008575235673619452 -0.002255990385074979 -0.0031038033714664627
-0.0085333386775585 -0.0023298893859827674 -0.0030670584299309347
-0.008576578365503476 -0.0022554837994139586 -0.0031054310415828752
-0.00751107568274668 -0.0028435258049681876 -0.0026658600072866994
-0.008586449535132882 -0.0023455912733560415 -0.0030858888882959634
-0.008930942829227436 -0.0016854341003866825 -0.00902778693803857
-0.007512441977467958 -0.002861577223421563 -0.002660300698477069
-0.008604789035415452 -0.0021250719349849142 -0.0035279610860947247
-0.008807472819280421 -0.00222807110366503 -0.0034181828172762797
-0.008807472819280421 -0.00222807110366503 -0.0034181828172762797
-0.008454701644357375 -0.0022238643977179288 -0.0031920020442969053
-0.008611525020785934 -0.00238150235489915 -0.003044124372677417
-0.008575810966489399 -0.0022625492406576153 -0.0030988757049058234
-0.008575810966489399 -0.0022625492406576153 -0.0030988757049058234
-0.008807472819280421 -0.00222807110366503 -0.0034181828172762797
-0.00840594353431598 0.0025398831224788853 -0.005477262171548443
-0.00862298779691204 -0.0026114682608222354 -0.0029860075706044523
-0.00840603639407247 -0.0022068898158891107 -0.003384531620358039
-0.008595248203013479 -0.0023508683839276005 -0.0030827899756367305
-0.007433603185541464 -0.0028792532403128716 -0.0026470275385622145
-0.007115501793695573 -0.002853269790581401 -0.0027449618216292253
-0.008595248203013479 -0.0023508683839276005 -0.0030827899756367305
-0.008631722614838567 -0.002617773573888925 -0.0030562384497648076
-0.008807472819280421 -0.00222807110366503 -0.0034181828172762797
-0.008613595595358814 -0.0024546405966577385 -0.003108604642424158
-0.007166379153046408 -0.0029200143626163843 -0.002541663082288388
-0.008631722614838567 -0.002617773573888925 -0.0030562384497648076
-0.007226257162774788 -0.0029257411647370174 -0.0026121191279861442
-0.007417047039236901 -0.0028829652038600473 -0.002644240174980095
-0.008670420183881887 -0.0021591848793776507 -0.003545461214474683
-0.008631722614838567 -0.002617773573888925 -0.0030562384497648076
-0.008631722614838567 -0.002617773573888925 -0.0030562384497648076
-0.008631722614838567 -0.002617773573888925 -0.0030562384497648076
-0.007433603185541464 -0.0028792532403128716 -0.0026470275385622145
-0.00879537385224467 -0.0021949805560402477 -0.0034202132557839093
-0.008807472819280421 -0.00222807110366503 -0.0034181828172762797
-0.008597784894893224 0.0024848271461630662 -0.005698321469524418
-0.008807472819280421 -0.00222807110366503 -0.0034181828172762797
-0.008623875938193304 -0.0026112982139998324 -0.0029825535293015
-0.008626651379697248 -0.002610766817679825 -0.0029717596502297715
-0.008631722614838567 -0.002617773573888925 -0.0030562384497648076
-0.007512441977467958 -0.002861577223421563 -0.002660300698477069
-0.008615519600252704 -0.0026088884717751872 -0.0030007709391433857
-0.008587788010567013 -0.002490760013069879 -0.003018371658755855
-0.008094667461323451 -0.0031272870676985047 0.053697087365330035
-0.007512441977467958 -0.002861577223421563 -0.002660300698477069
-0.00877832928288911 -0.0022441003746848797 -0.0033565095527204785
-0.008708461663038536 -0.0019743154477089245 -0.0037503752611794143
-0.008770226394297495 -0.0022352024422795332 -0.003563036674418864
-0.007262351998079475 -0.002916854560800188 -0.002552031565376583
-0.007298092876735794 -0.002910709064415806 -0.0026135458401345627
-0.007582531816890544 -0.0023237641213053398 -0.008053420190000464
-0.007384188009950019 -0.0027979681097057424 -0.0027844801830162413
-0.008747799426345727 -0.0022499457342049656 -0.003475242222509485
-0.007574647937697895 -0.0023255317229944703 -0.00805209287400898
-0.007281639022504504 -0.002914411093547234 -0.0026106465527216557
-0.007457490496357172 -0.0029098272533885916 -0.0027025248541727807
