-0.00810719431970382 -0.004140232308903441 0.055079825544783356
0.008990437273659361 0.15795906290569675 0.001923503458999488
-0.008112838566344465 -0.004144061635676971 0.05507742465733479
-0.0065808753080069116 -0.004482439995919137 0.05533679392099632
0.009022836652977541 0.15794867900652454 0.0017168020841128767
-0.008806109867589723 -0.0020494323391521073 -0.008259419631899672
-0.00810719431970382 -0.004140232308903441 0.055079825544783356
-0.00810719431970382 -0.004140232308903441 0.055079825544783356
0.012357230903328773 0.1786955651510093 0.0027971520306261616
-0.006867060122700082 -0.004418276054603693 0.05528861235045637
-0.00810719431970382 -0.004140232308903441 0.055079825544783356
-0.008806109867589723 -0.0020494323391521073 -0.008259419631899672
-0.008806109867589723 -0.0020494323391521073 -0.008259419631899672
-0.008806109867589723 -0.0020494323391521073 -0.008259419631899672
-0.008806109867589723 -0.0020494323391521073 -0.008259419631899672
-0.008806109867589723 -0.0020494323391521073 -0.008259419631899672
-0.008615099742920285 0.002562485916777037 -0.010476740127778116
-0.00810719431970382 -0.004140232308903441 0.055079825544783356
-0.00809411316685943 -0.00415564298945623 0.055131569783742874
-0.00810719431970382 -0.004140232308903441 0.055079825544783356
-0.00810719431970382 -0.004140232308903441 0.055079825544783356
-0.008615099742920285 0.002562485916777037 -0.010476740127778116
0.012340162959659904 0.17849858457282944 0.0027912800055338465
0.012197323067225875 0.1790984181197971 -0.0026226183554364404
-0.008806109867589723 -0.0020494323391521073 -0.008259419631899672
0.008990437273659361 0.15795906290569675 0.001923503458999488
-0.00810719431970382 -0.004140232308903441 0.055079825544783356
-0.00560235081360838 -0.00472140679965591 0.05529725878447482
-0.008806109867589723 -0.0020494323391521073 -0.008259419631899672
-0.006849715588476254 -0.004422164778319782 0.055291532445640605
0.009013589835706177 0.1626694333363521 -0.005480475224504282
-0.008806109867589723 -0.0020494323391521073 -0.008259419631899672
-0.008806109867589723 -0.0020494323391521073 -0.008259419631899672
-0.008806109867589723 -0.0020494323391521073 -0.008259419631899672
-0.008806109867589723 -0.0020494323391521073 -0.008259419631899672
-0.008806109867589723 -0.0020494323391521073 -0.008259419631899672
-0.008611658119052363 0.0026455835430099937 -0.010516691848424575
-0.008806109867589723 -0.0020494323391521073 -0.008259419631899672
0.008841508642310281 0.15851455202470424 -0.0034828891921813558
-0.008806109867589723 -0.0020494323391521073 -0.008259419631899672
-0.008806109867589723 -0.0020494323391521073 -0.008259419631899672
-0.008806109867589723 -0.0020494323391521073 -0.008259419631899672
-0.00861838492933966 0.0024831654553728495 -0.01043860439443377
-0.00859617081164674 0.003019522861058302 -0.010696474591333636
0.008990437273659361 0.15795906290569675 0.001923503458999488
-0.00810719431970382 -0.004140232308903441 0.055079825544783356
-0.008123191192207448 -0.004170339405682335 0.05511782613988034
-0.00810719431970382 -0.004140232308903441 0.055079825544783356
-0.00812308010281506 -0.004170130328621371 0.05511756224685886
-0.00859617081164674 0.003019522861058302 -0.010696474591333636
-0.00810719431970382 -0.004140232308903441 0.055079825544783356
-0.00810719431970382 -0.004140232308903441 0.055079825544783356
0.008990437273659361 0.15795906290569675 0.001923503458999488
-0.00859617081164674 0.003019522861058302 -0.010696474591333636
-0.00810719431970382 -0.004140232308903441 0.055079825544783356
-0.00810719431970382 -0.004140232308903441 0.055079825544783356
0.009013509795340283 0.15830514939743273 0.001635836476170085
-0.00810719431970382 -0.004140232308903441 0.055079825544783356
-0.008107472223842341 -0.004146227777651145 0.055056289537569116
-0.00857207944457131 0.0036012062446890043 -0.010976136635858846
-0.00810719431970382 -0.004140232308903441 0.055079825544783356
-0.008802209744626944 -0.001771222281682649 -0.008466658838074721
-0.00810719431970382 -0.004140232308903441 0.055079825544783356
-0.00810719431970382 -0.004140232308903441 0.055079825544783356
-0.00810719431970382 -0.004140232308903441 0.055079825544783356
-0.00810719431970382 -0.004140232308903441 0.055079825544783356
-0.00810719431970382 -0.004140232308903441 0.055079825544783356
-0.00810719431970382 -0.004140232308903441 0.055079825544783356
-0.00810719431970382 -0.004140232308903441 0.055079825544783356
-0.00810719431970382 -0.004140232308903441 0.055079825544783356
-0.006338051828873312 -0.004536882127944362 0.05537767525357564
-0.008806109867589723 -0.0020494323391521073 -0.008259419631899672
-0.008109759152463055 -0.004134739933325964 0.05511262898522202
0.012340162959659904 0.17849858457282944 0.0027912800055338465
0.012549117966085018 0.18334200844633433 0.00036368872546961286
-0.008806109867589723 -0.0020494323391521073 -0.008259419631899672
-0.00810719431970382 -0.004140232308903441 0.055079825544783356
-0.00809411316685943 -0.00415564298945623 0.055131569783742874
-0.008806109867589723 -0.0020494323391521073 -0.008259419631899672
0.008990437273659361 0.15795906290569675 0.001923503458999488
-0.008806109867589723 -0.0020494323391521073 -0.008259419631899672
-0.00810719431970382 -0.004140232308903441 0.055079825544783356
-0.00810719431970382 -0.004140232308903441 0.055079825544783356
-0.00810719431970382 -0.004140232308903441 0.055079825544783356
-0.00810719431970382 -0.004140232308903441 0.055079825544783356
-0.00810719431970382 -0.004140232308903441 0.055079825544783356
-0.007709180508120082 -0.004189672176020159 0.05507258282851783
-0.008806109867589723 -0.0020494323391521073 -0.008259419631899672
-0.008634028674193835 0.00210544897249577 -0.010257005664222595
-0.008078626076182458 -0.004162820435505514 0.055146426476406
0.009166286998310524 0.16244221052409036 -0.00024736505783600144
-0.00809411316685943 -0.00415564298945623 0.055131569783742874
-0.00810719431970382 -0.004140232308903441 0.055079825544783356
-0.00810719431970382 -0.004140232308903441 0.055079825544783356
-0.00810719431970382 -0.004140232308903441 0.055079825544783356
0.008990437273659361 0.15795906290569675 0.001923503458999488
0.009015895895061445 0.15794621078996746 0.0017202919897952517
0.012356378490242941 0.178502995301674 0.0027818803447865444
0.00921414282507402 0.16336040861083898 -0.0006733583830203129
-0.00810719431970382 -0.004140232308903441 0.055079825544783356
-0.00810719431970382 -0.004140232308903441 0.055079825544783356
-0.00810719431970382 -0.004140232308903441 0.055079825544783356
-0.00810719431970382 -0.004140232308903441 0.055079825544783356
-0.006875732389811997 -0.00441633169274565 0.055287152302864274
0.008841508642310281 0.15851455202470424 -0.0034828891921813558
-0.008806109867589723 -0.0020494323391521073 -0.008259419631899672
-0.008123191192207448 -0.004170339405682335 0.05511782613988034
-0.00810719431970382 -0.004140232308903441 0.055079825544783356
-0.00810719431970382 -0.004140232308903441 0.055079825544783356
-0.00793594313224183 -0.004177833629390778 0.055174821517874346
-0.00810719431970382 -0.004140232308903441 0.055079825544783356
-0.00810719431970382 -0.004140232308903441 0.055079825544783356
-0.00810719431970382 -0.004140232308903441 0.055079825544783356
-0.008806109867589723 -0.0020494323391521073 -0.008259419631899672
-0.00810719431970382 -0.004140232308903441 0.055079825544783356
-0.00810719431970382 -0.004140232308903441 0.055079825544783356
-0.00810719431970382 -0.004140232308903441 0.055079825544783356
-0.00810719431970382 -0.004140232308903441 0.055079825544783356
-0.00810719431970382 -0.004140232308903441 0.055079825544783356
-0.008257485902743548 -0.0037633819544089613 0.05451466970833613
-0.00810719431970382 -0.004140232308903441 0.055079825544783356
-0.006895745313916412 -0.004411844703842473 0.05528378296226707
-0.00810719431970382 -0.004140232308903441 0.055079825544783356
0.008990437273659361 0.15795906290569675 0.001923503458999488
-0.008081735698301737 -0.004153084424632797 0.0548766140755791
-0.008806109867589723 -0.0020494323391521073 -0.008259419631899672
-0.00810719431970382 -0.004140232308903441 0.055079825544783356
-0.008806109867589723 -0.0020494323391521073 -0.008259419631899672
-0.008123471137476261 -0.004170866279875967 0.05511849115029455
-0.00810719431970382 -0.004140232308903441 0.055079825544783356
-0.00810719431970382 -0.004140232308903441 0.055079825544783356
0.009195481343870928 0.1627080576584824 -0.00045868813851195176
0.008997687266903571 0.15801186477610304 0.0019145662478584511
-0.008107874772287152 -0.004138619106945549 0.05507991355636931
0.012356106784481936 0.1787529144065265 0.002806209878120071
-0.00810719431970382 -0.004140232308903441 0.055079825544783356
-0.00810719431970382 -0.004140232308903441 0.055079825544783356
-0.00810719431970382 -0.004140232308903441 0.055079825544783356
-0.00810719431970382 -0.004140232308903441 0.055079825544783356
0.010135176532432046 0.157702407140435 0.002116229741159213
-0.008806109867589723 -0.0020494323391521073 -0.008259419631899672
-0.00810719431970382 -0.004140232308903441 0.055079825544783356
-0.008806109867589723 -0.0020494323391521073 -0.008259419631899672
-0.008806109867589723 -0.0020494323391521073 -0.008259419631899672
-0.00810719431970382 -0.004140232308903441 0.055079825544783356
0.008990437273659361 0.15795906290569675 0.001923503458999488
0.009383580212936494 0.1620642313471764 3.867538907387169e-05
-0.00810719431970382 -0.004140232308903441 0.055079825544783356
-0.008806109867589723 -0.0020494323391521073 -0.008259419631899672
-0.008806109867589723 -0.0020494323391521073 -0.008259419631899672
-0.008806109867589723 -0.0020494323391521073 -0.008259419631899672
-0.00810719431970382 -0.004140232308903441 0.055079825544783356
-0.00810719431970382 -0.004140232308903441 0.055079825544783356
0.009162518467055255 0.1621139442173446 -7.408257332343647e-05
-0.00810719431970382 -0.004140232308903441 0.055079825544783356
-0.00810719431970382 -0.004140232308903441 0.055079825544783356
-0.00810719431970382 -0.004140232308903441 0.055079825544783356
-0.00810719431970382 -0.004140232308903441 0.055079825544783356
-0.00810719431970382 -0.004140232308903441 0.055079825544783356
0.010828555281841176 0.16175497182684168 0.00021223734289082646
0.012593614422807103 0.18299583810197934 0.0005478452491131492
-0.008123191192207448 -0.004170339405682335 0.05511782613988034
-0.008796005254513831 -0.0017144000857228442 -0.00851439335684591
0.010307794014615306 0.1576828572384011 0.002205666405435249
-0.008806109867589723 -0.0020494323391521073 -0.008259419631899672
0.008990437273659361 0.15795906290569675 0.001923503458999488
-0.00810719431970382 -0.004140232308903441 0.055079825544783356
-0.00810719431970382 -0.004140232308903441 0.055079825544783356
-0.00810719431970382 -0.004140232308903441 0.055079825544783356
-0.00810719431970382 -0.004140232308903441 0.055079825544783356
-0.00810719431970382 -0.004140232308903441 0.055079825544783356
-0.00810719431970382 -0.004140232308903441 0.055079825544783356
-0.00810719431970382 -0.004140232308903441 0.055079825544783356
-0.00810719431970382 -0.004140232308903441 0.055079825544783356
-0.00810719431970382 -0.004140232308903441 0.055079825544783356
-0.00810719431970382 -0.004140232308903441 0.055079825544783356
-0.008806109867589723 -0.0020494323391521073 -0.008259419631899672
-0.008806109867589723 -0.0020494323391521073 -0.008259419631899672
-0.006825542657678029 -0.004249051297357457 0.05527803007294126
-0.00810719431970382 -0.004140232308903441 0.055079825544783356
0.009162518467055255 0.1621139442173446 -7.408257332343647e-05
-0.00810719431970382 -0.004140232308903441 0.055079825544783356
-0.00810719431970382 -0.004140232308903441 0.055079825544783356
-0.00810719431970382 -0.004140232308903441 0.055079825544783356
0.012395930273902112 0.1835532837402764 5.3425913804177575e-06
-0.00810719431970382 -0.004140232308903441 0.055079825544783356
-0.008021125894669415 -0.0039266194231839645 0.055106848897074324
-0.007926034743215493 -0.0039433970729791145 0.055223297716841
0.009178162211909424 0.16249166070022167 -0.0002556813035346113
0.012572152892289535 0.1839561932979242 0.00029431923786891665
-0.00810719431970382 -0.004140232308903441 0.055079825544783356
-0.008806109867589723 -0.0020494323391521073 -0.008259419631899672
-0.00810719431970382 -0.004140232308903441 0.055079825544783356
-0.008257485902743548 -0.0037633819544089613 0.05451466970833613
-0.00810719431970382 -0.004140232308903441 0.055079825544783356
-0.00810719431970382 -0.004140232308903441 0.055079825544783356
-0.00810719431970382 -0.004140232308903441 0.055079825544783356
-0.00810719431970382 -0.004140232308903441 0.055079825544783356
-0.007900696887628747 0.0008456252650740099 0.05268272230599585
-0.008090978789120783 -0.004135821580058851 0.05507042588403605
0.00919693470573443 0.16294492047967418 -0.0004735997797880201
-0.00810719431970382 -0.004140232308903441 0.055079825544783356
-0.008615099742920285 0.002562485916777037 -0.010476740127778116
-0.00809411316685943 -0.00415564298945623 0.055131569783742874
-0.00810719431970382 -0.004140232308903441 0.055079825544783356
-0.00810719431970382 -0.004140232308903441 0.055079825544783356
-0.00810719431970382 -0.004140232308903441 0.055079825544783356
-0.00810719431970382 -0.004140232308903441 0.055079825544783356
-0.00810719431970382 -0.004140232308903441 0.055079825544783356
0.008990437273659361 0.15795906290569675 0.001923503458999488
0.009183748535230301 0.16242477029632452 -0.0003224890908535727
-0.008806109867589723 -0.0020494323391521073 -0.008259419631899672
-0.008803804348175504 -0.00204405504074052 -0.008262783112957882
-0.008806109867589723 -0.0020494323391521073 -0.008259419631899672
-0.008806109867589723 -0.0020494323391521073 -0.008259419631899672
-0.00810719431970382 -0.004140232308903441 0.055079825544783356
-0.00810719431970382 -0.004140232308903441 0.055079825544783356
-0.00810719431970382 -0.004140232308903441 0.055079825544783356
-0.008256122951052896 -0.003584743189895955 0.0496734328936025
-0.00810719431970382 -0.004140232308903441 0.055079825544783356
-0.00809411316685943 -0.00415564298945623 0.055131569783742874
0.012440644448393356 0.1788526126465433 0.002564793165528174
0.008990437273659361 0.15795906290569675 0.001923503458999488
0.008990437273659361 0.15795906290569675 0.001923503458999488
-0.00810719431970382 -0.004140232308903441 0.055079825544783356
-0.00810719431970382 -0.004140232308903441 0.055079825544783356
-0.00810719431970382 -0.004140232308903441 0.055079825544783356
-0.00810719431970382 -0.004140232308903441 0.055079825544783356
-0.00810719431970382 -0.004140232308903441 0.055079825544783356
-0.008101221346102411 -0.004141243223242021 0.055101056432403296
-0.00810719431970382 -0.004140232308903441 0.055079825544783356
-0.00810719431970382 -0.004140232308903441 0.055079825544783356
-0.00810719431970382 -0.004140232308903441 0.055079825544783356
-0.00810719431970382 -0.004140232308903441 0.055079825544783356
0.009179726586394845 0.16252943234850944 -0.0002738411765557273
0.008990437273659361 0.15795906290569675 0.001923503458999488
-0.00810719431970382 -0.004140232308903441 0.055079825544783356
0.008990437273659361 0.15795906290569675 0.001923503458999488
-0.008806109867589723 -0.0020494323391521073 -0.008259419631899672
0.009162518467055255 0.1621139442173446 -7.408257332343647e-05
-0.00810719431970382 -0.004140232308903441 0.055079825544783356
-0.008677855900071769 -0.0019858232254362984 -0.008383599116426829
-0.00810719431970382 -0.004140232308903441 0.055079825544783356
-0.00810719431970382 -0.004140232308903441 0.055079825544783356
-0.00810719431970382 -0.004140232308903441 0.055079825544783356
-0.00810719431970382 -0.004140232308903441 0.055079825544783356
-0.008615099742920285 0.002562485916777037 -0.010476740127778116
0.013659195115360356 0.1786681575253551 0.002805977882740505
-0.00810719431970382 -0.004140232308903441 0.055079825544783356
-0.00810719431970382 -0.004140232308903441 0.055079825544783356
-0.00810719431970382 -0.004140232308903441 0.055079825544783356
-0.00810719431970382 -0.004140232308903441 0.055079825544783356
-0.008806109867589723 -0.0020494323391521073 -0.008259419631899672
-0.00810719431970382 -0.004140232308903441 0.055079825544783356
0.009162518467055255 0.1621139442173446 -7.408257332343647e-05
0.009047108790538562 0.1579452830984841 0.001943712003306664
-0.006748788999132688 -0.004450937583197438 0.05497715400764138
-0.008780651246187645 -0.0020622844548814664 -0.00846263110110391
0.008990437273659361 0.15795906290569675 0.001923503458999488
-0.00810719431970382 -0.004140232308903441 0.055079825544783356
-0.008806109867589723 -0.0020494323391521073 -0.008259419631899672
0.01235847487301017 0.1787226525643733 0.002798962691125874
0.012394971607212292 0.17913316407001334 0.0027114331680490036
-0.00861838492933966 0.0024831654553728495 -0.01043860439443377
-0.00810719431970382 -0.004140232308903441 0.055079825544783356
-0.008123191192207448 -0.004170339405682335 0.05511782613988034
-0.00810719431970382 -0.004140232308903441 0.055079825544783356
-0.00810719431970382 -0.004140232308903441 0.055079825544783356
-0.00810719431970382 -0.004140232308903441 0.055079825544783356
-0.00810719431970382 -0.004140232308903441 0.055079825544783356
-0.008806109867589723 -0.0020494323391521073 -0.008259419631899672
-0.008806109867589723 -0.0020494323391521073 -0.008259419631899672
-0.00810719431970382 -0.004140232308903441 0.055079825544783356
-0.00810719431970382 -0.004140232308903441 0.055079825544783356
0.008990437273659361 0.15795906290569675 0.001923503458999488
-0.008806109867589723 -0.0020494323391521073 -0.008259419631899672
-0.008806109867589723 -0.0020494323391521073 -0.008259419631899672
0.01221795161827045 0.179149548145775 0.002227872046861224
-0.00810719431970382 -0.004140232308903441 0.055079825544783356
-0.00650501905877598 -0.004498653335967995 0.05541572937057401
-0.006554687497689672 -0.004487517445326471 0.05540736727981914
0.009003275591779837 0.15815444941839985 0.0019307584446329738
-0.00810719431970382 -0.004140232308903441 0.055079825544783356
-0.00810719431970382 -0.004140232308903441 0.055079825544783356
-0.00810719431970382 -0.004140232308903441 0.055079825544783356
-0.00810719431970382 -0.004140232308903441 0.055079825544783356
0.009018198988802099 0.15823052499881923 0.0019303241030721016
-0.00810719431970382 -0.004140232308903441 0.055079825544783356
0.009346291078260275 0.16328448059252423 -0.0005960953760229528
-0.00810719431970382 -0.004140232308903441 0.055079825544783356
-0.00810719431970382 -0.004140232308903441 0.055079825544783356
-0.008806109867589723 -0.0020494323391521073 -0.008259419631899672
-0.008806109867589723 -0.0020494323391521073 -0.008259419631899672
-0.008806109867589723 -0.0020494323391521073 -0.008259419631899672
-0.008806109867589723 -0.0020494323391521073 -0.008259419631899672
-0.00810719431970382 -0.004140232308903441 0.055079825544783356
0.009274278255097025 0.163597589939857 -0.0007754515556533808
0.008990437273659361 0.15795906290569675 0.001923503458999488
-0.008806109867589723 -0.0020494323391521073 -0.008259419631899672
-0.008806109867589723 -0.0020494323391521073 -0.008259419631899672
-0.008806109867589723 -0.0020494323391521073 -0.008259419631899672
0.012345859382923211 0.17854007175672004 0.0027842579110658894
-0.008806109867589723 -0.0020494323391521073 -0.008259419631899672
0.00921414282507402 0.16336040861083898 -0.0006733583830203129
0.009162518467055255 0.1621139442173446 -7.408257332343647e-05
-0.008106699186306136 -0.004175857958301622 0.055048865962133146
-0.00810719431970382 -0.004140232308903441 0.055079825544783356
-0.00810719431970382 -0.004140232308903441 0.055079825544783356
-0.00810719431970382 -0.004140232308903441 0.055079825544783356
-0.00810719431970382 -0.004140232308903441 0.055079825544783356
-0.00810719431970382 -0.004140232308903441 0.055079825544783356
-0.00810719431970382 -0.004140232308903441 0.055079825544783356
-0.00809411316685943 -0.00415564298945623 0.055131569783742874
-0.00810719431970382 -0.004140232308903441 0.055079825544783356
-0.00810719431970382 -0.004140232308903441 0.055079825544783356
-0.005456384181589187 0.018490089327980557 -0.007391643085365314
0.009147038827108883 0.15827200379630146 0.001793677869012226
-0.008806109867589723 -0.0020494323391521073 -0.008259419631899672
-0.00810719431970382 -0.004140232308903441 0.055079825544783356
-0.00810719431970382 -0.004140232308903441 0.055079825544783356
-0.006712365081542658 -0.004452165411543856 0.05538082095996241
0.012346769060567597 0.17870039001125337 0.002786589792947605
-0.00810719431970382 -0.004140232308903441 0.055079825544783356
0.01235524663889081 0.1787278548230442 0.0028052512682580732
-0.00810719431970382 -0.004140232308903441 0.055079825544783356
-0.00810719431970382 -0.004140232308903441 0.055079825544783356
-0.006847164146290629 -0.004438919819347724 0.0553537532344869
-0.006875732389811997 -0.00441633169274565 0.055287152302864274
0.009162518467055255 0.1621139442173446 -7.408257332343647e-05
-0.008806109867589723 -0.0020494323391521073 -0.008259419631899672
-0.008806109867589723 -0.0020494323391521073 -0.008259419631899672
-0.008615099742920285 0.002562485916777037 -0.010476740127778116
0.01235524663889081 0.1787278548230442 0.0028052512682580732
-0.008783994903824444 -0.0018504101069298118 -0.008323306387667161
-0.008806109867589723 -0.0020494323391521073 -0.008259419631899672
-0.008806109867589723 -0.0020494323391521073 -0.008259419631899672
-0.008101221346102411 -0.004141243223242021 0.055101056432403296
-0.008806109867589723 -0.0020494323391521073 -0.008259419631899672
0.012348017119007798 0.17855578659910287 0.0027815980267977248
-0.008806109867589723 -0.0020494323391521073 -0.008259419631899672
-0.008806109867589723 -0.0020494323391521073 -0.008259419631899672
0.008990437273659361 0.15795906290569675 0.001923503458999488
-0.008806109867589723 -0.0020494323391521073 -0.008259419631899672
-0.00810719431970382 -0.004140232308903441 0.055079825544783356
-0.00810719431970382 -0.004140232308903441 0.055079825544783356
-0.008114214853860324 -0.004178782744426756 0.05505242866805913
0.008990437273659361 0.15795906290569675 0.001923503458999488
0.008990437273659361 0.15795906290569675 0.001923503458999488
-0.008806109867589723 -0.0020494323391521073 -0.008259419631899672
-0.008053610234131599 -0.0041532614002268205 0.05509893313934016
-0.00811298206414041 -0.0041441589914424 0.05507736361782339
-0.00810719431970382 -0.004140232308903441 0.055079825544783356
-0.008098781279805518 -0.004137240531258444 0.05507559535607744
-0.008053232881416296 -0.00415335315439107 0.055099067699865174
-0.008040388894971625 -0.00415536658423888 0.05509889117299386
-0.00810719431970382 -0.004140232308903441 0.055079825544783356
-0.00810719431970382 -0.004140232308903441 0.055079825544783356
0.012468416927177862 0.17856219368654525 0.0026671005210066887
-0.008806109867589723 -0.0020494323391521073 -0.008259419631899672
-0.008806109867589723 -0.0020494323391521073 -0.008259419631899672
-0.008806109867589723 -0.0020494323391521073 -0.008259419631899672
-0.00810719431970382 -0.004140232308903441 0.055079825544783356
-0.00840809605600599 -0.002098872206268826 -0.008266662348165196
-0.008114754894949288 -0.004181748162543933 0.05505032121600342
-0.008114754894949288 -0.004181748162543933 0.05505032121600342
-0.00810719431970382 -0.004140232308903441 0.055079825544783356
0.008990437273659361 0.15795906290569675 0.001923503458999488
-0.008806109867589723 -0.0020494323391521073 -0.008259419631899672
-0.008806109867589723 -0.0020494323391521073 -0.008259419631899672
-0.00810719431970382 -0.004140232308903441 0.055079825544783356
0.008990437273659361 0.15795906290569675 0.001923503458999488
-0.008806109867589723 -0.0020494323391521073 -0.008259419631899672
0.008990437273659361 0.15795906290569675 0.001923503458999488
0.008990437273659361 0.15795906290569675 0.001923503458999488
0.008840145690619632 0.15833591326019122 0.0013583476225522712
0.009174617434091007 0.16214703476496942 -7.611301172367533e-05
-0.008806109867589723 -0.0020494323391521073 -0.008259419631899672
-0.00810719431970382 -0.004140232308903441 0.055079825544783356
0.01262547527897336 0.18497560600614826 -0.00028364833282859943
-0.00810719431970382 -0.004140232308903441 0.055079825544783356
-0.00810719431970382 -0.004140232308903441 0.055079825544783356
0.012340162959659904 0.17849858457282944 0.0027912800055338465
-0.008147637776824083 -0.004167094358432687 0.05502154085885933
-0.00810719431970382 -0.004140232308903441 0.055079825544783356
-0.00810719431970382 -0.004140232308903441 0.055079825544783356
-0.00810719431970382 -0.004140232308903441 0.055079825544783356
-0.00810719431970382 -0.004140232308903441 0.055079825544783356
-0.008806109867589723 -0.0020494323391521073 -0.008259419631899672
-0.008806109867589723 -0.0020494323391521073 -0.008259419631899672
-0.008806109867589723 -0.0020494323391521073 -0.008259419631899672
-0.008806109867589723 -0.0020494323391521073 -0.008259419631899672
-0.008806109867589723 -0.0020494323391521073 -0.008259419631899672
-0.008806109867589723 -0.0020494323391521073 -0.008259419631899672
-0.008806109867589723 -0.0020494323391521073 -0.008259419631899672
-0.008806109867589723 -0.0020494323391521073 -0.008259419631899672
-0.007978940352185857 -0.0040766231951876305 0.05495564606025619
-0.00810719431970382 -0.004140232308903441 0.055079825544783356
-0.00810719431970382 -0.004140232308903441 0.055079825544783356
0.009232520453682898 0.16345471745517945 -0.000685526646277741
-0.00810719431970382 -0.004140232308903441 0.055079825544783356
-0.00810719431970382 -0.004140232308903441 0.055079825544783356
-0.008806109867589723 -0.0020494323391521073 -0.008259419631899672
-0.008806109867589723 -0.0020494323391521073 -0.008259419631899672
-0.008806109867589723 -0.0020494323391521073 -0.008259419631899672
-0.008806109867589723 -0.0020494323391521073 -0.008259419631899672
-0.008806109867589723 -0.0020494323391521073 -0.008259419631899672
-0.008806109867589723 -0.0020494323391521073 -0.008259419631899672
-0.008806109867589723 -0.0020494323391521073 -0.008259419631899672
-0.007926420019731522 1.3644868703365607e-05 0.05308058281981357
-0.008797311199709132 -0.002044155228580453 -0.008262518545546164
-0.008796708249750906 -0.0019973741690948554 -0.008270455562922942
-0.00810719431970382 -0.004140232308903441 0.055079825544783356
0.012363001366333058 0.17883295808203517 0.002524054812433248
0.008990437273659361 0.15795906290569675 0.001923503458999488
0.012354976403645072 0.1787240305490252 0.002799651142803253
-0.008806109867589723 -0.0020494323391521073 -0.008259419631899672
-0.00810719431970382 -0.004140232308903441 0.055079825544783356
0.012632700988432924 0.18556188280263083 -0.000604616249415121
-0.00810719431970382 -0.004140232308903441 0.055079825544783356
-0.00810719431970382 -0.004140232308903441 0.055079825544783356
-0.006804777477078153 -0.0044322401079478265 0.05529909814679979
-0.008806109867589723 -0.0020494323391521073 -0.008259419631899672
-0.00810719431970382 -0.004140232308903441 0.055079825544783356
-0.00810719431970382 -0.004140232308903441 0.055079825544783356
-0.00810719431970382 -0.004140232308903441 0.055079825544783356
-0.008806109867589723 -0.0020494323391521073 -0.008259419631899672
0.008990437273659361 0.15795906290569675 0.001923503458999488
-0.008806109867589723 -0.0020494323391521073 -0.008259419631899672
-0.008797311199709132 -0.002044155228580453 -0.008262518545546164
0.009003275591779837 0.15815444941839985 0.0019307584446329738
0.012498862457129955 0.17875694912518186 0.002602604396457391
-0.00793594313224183 -0.004177833629390778 0.055174821517874346
-0.00810719431970382 -0.004140232308903441 0.055079825544783356
0.009030797955045765 0.1630849214675169 -0.005680233827736572
0.008990437273659361 0.15795906290569675 0.001923503458999488
-0.00810719431970382 -0.004140232308903441 0.055079825544783356
0.009162518467055255 0.1621139442173446 -7.408257332343647e-05
-0.008615099742920285 0.002562485916777037 -0.010476740127778116
0.008990437273659361 0.15795906290569675 0.001923503458999488
-0.00810719431970382 -0.004140232308903441 0.055079825544783356
-0.00810719431970382 -0.004140232308903441 0.055079825544783356
-0.00810719431970382 -0.004140232308903441 0.055079825544783356
0.009290772434573212 0.1621775533310605 -0.00019826205785059383
0.012212464396485875 0.17936489977081685 -0.0028635191631771334
0.008990437273659361 0.15795906290569675 0.001923503458999488
0.009125337068317845 0.15807107373395166 0.0017911315309263802
-0.00810719431970382 -0.004140232308903441 0.055079825544783356
-0.008806109867589723 -0.0020494323391521073 -0.008259419631899672
-0.00810719431970382 -0.004140232308903441 0.055079825544783356
-0.00810719431970382 -0.004140232308903441 0.055079825544783356
-0.008114165759215876 -0.004178513160961557 0.055052620254609635
-0.008804743572868451 -0.0020313809206987297 -0.008264978940714636
-0.008806109867589723 -0.0020494323391521073 -0.008259419631899672
-0.008804743572868451 -0.0020313809206987297 -0.008264978940714636
-0.00810719431970382 -0.004140232308903441 0.055079825544783356
-0.00810719431970382 -0.004140232308903441 0.055079825544783356
-0.008806109867589723 -0.0020494323391521073 -0.008259419631899672
0.010321597825277593 0.16220352856138687 -4.782179385728892e-05
-0.008806109867589723 -0.0020494323391521073 -0.008259419631899672
-0.007978940352185857 -0.0040766231951876305 0.05495564606025619
-0.008806109867589723 -0.0020494323391521073 -0.008259419631899672
0.009181447398328803 0.16257098116162588 -0.0002938170368789581
-0.00810719431970382 -0.004140232308903441 0.055079825544783356
-0.00652772503936263 0.001720012057157957 0.05240802155854966
-0.00810719431970382 -0.004140232308903441 0.055079825544783356
0.008990437273659361 0.15795906290569675 0.001923503458999488
-0.008806109867589723 -0.0020494323391521073 -0.008259419631899672
-0.008806109867589723 -0.0020494323391521073 -0.008259419631899672
-0.008806109867589723 -0.0020494323391521073 -0.008259419631899672
-0.008806109867589723 -0.0020494323391521073 -0.008259419631899672
-0.008806109867589723 -0.0020494323391521073 -0.008259419631899672
-0.008806109867589723 -0.0020494323391521073 -0.008259419631899672
-0.008806109867589723 -0.0020494323391521073 -0.008259419631899672
-0.008806109867589723 -0.0020494323391521073 -0.008259419631899672
-0.00810719431970382 -0.004140232308903441 0.055079825544783356
-0.00810719431970382 -0.004140232308903441 0.055079825544783356
-0.00810719431970382 -0.004140232308903441 0.055079825544783356
-0.00810719431970382 -0.004140232308903441 0.055079825544783356
0.008990437273659361 0.15795906290569675 0.001923503458999488
-0.00810719431970382 -0.004140232308903441 0.055079825544783356
-0.00810719431970382 -0.004140232308903441 0.055079825544783356
-0.00810719431970382 -0.004140232308903441 0.055079825544783356
-0.007709180508120082 -0.004189672176020159 0.05507258282851783
-0.00810719431970382 -0.004140232308903441 0.055079825544783356
-0.00810719431970382 -0.004140232308903441 0.055079825544783356
-0.00810719431970382 -0.004140232308903441 0.055079825544783356
-0.00810719431970382 -0.004140232308903441 0.055079825544783356
-0.00810719431970382 -0.004140232308903441 0.055079825544783356
-0.00810719431970382 -0.004140232308903441 0.055079825544783356
-0.008050522802824618 -0.004154012116116132 0.05510003408909051
-0.00810719431970382 -0.004140232308903441 0.055079825544783356
-0.008806109867589723 -0.0020494323391521073 -0.008259419631899672
-0.008806109867589723 -0.0020494323391521073 -0.008259419631899672
-0.00868732448381636 -0.002064728539575742 -0.008201575192649468
-0.008806109867589723 -0.0020494323391521073 -0.008259419631899672
-0.008806109867589723 -0.0020494323391521073 -0.008259419631899672
-0.008783110627066758 -0.0017127040869238503 -0.00852852669255732
0.009013436514182325 0.158295791157925 0.0016543963983418413
0.012340162959659904 0.17849858457282944 0.0027912800055338465
-0.008615099742920285 0.002562485916777037 -0.010476740127778116
-0.008806109867589723 -0.0020494323391521073 -0.008259419631899672
-0.008599612435514659 0.002936425234825345 -0.010656522870687178
-0.008806109867589723 -0.0020494323391521073 -0.008259419631899672
0.008990437273659361 0.15795906290569675 0.001923503458999488
-0.008806109867589723 -0.0020494323391521073 -0.008259419631899672
0.008990437273659361 0.15795906290569675 0.001923503458999488
0.008996133696922669 0.1580005500895874 0.0019164813645315304
-0.00810719431970382 -0.004140232308903441 0.055079825544783356
0.008990437273659361 0.15795906290569675 0.001923503458999488
-0.008806109867589723 -0.0020494323391521073 -0.008259419631899672
-0.00810719431970382 -0.004140232308903441 0.055079825544783356
-0.00810719431970382 -0.004140232308903441 0.055079825544783356
-0.00810719431970382 -0.004140232308903441 0.055079825544783356
-0.00810719431970382 -0.004140232308903441 0.055079825544783356
-0.00810719431970382 -0.004140232308903441 0.055079825544783356
-0.00810719431970382 -0.004140232308903441 0.055079825544783356
-0.00810719431970382 -0.004140232308903441 0.055079825544783356
-0.00810719431970382 -0.004140232308903441 0.055079825544783356
-0.007709180508120082 -0.004189672176020159 0.05507258282851783
0.010281225890249057 0.15784059398566622 0.001982997723763858
0.014193776810906918 0.17704019131475804 0.060790881781433874
-0.00810719431970382 -0.004140232308903441 0.055079825544783356
0.009282326924321196 0.1631826306449914 -0.0007680964181836376
0.009243888736806559 0.1624563164348467 -0.000319931297421211
0.009295513094825328 0.16370278082834103 -0.0009192071071180878
-0.00810719431970382 -0.004140232308903441 0.055079825544783356
-0.00810719431970382 -0.004140232308903441 0.055079825544783356
-0.00810719431970382 -0.004140232308903441 0.055079825544783356
-0.00810719431970382 -0.004140232308903441 0.055079825544783356
-0.008806109867589723 -0.0020494323391521073 -0.008259419631899672
-0.008806109867589723 -0.0020494323391521073 -0.008259419631899672
-0.008806109867589723 -0.0020494323391521073 -0.008259419631899672
-0.008806109867589723 -0.0020494323391521073 -0.008259419631899672
-0.008806109867589723 -0.0020494323391521073 -0.008259419631899672
-0.008806109867589723 -0.0020494323391521073 -0.008259419631899672
-0.00859617081164674 0.003019522861058302 -0.010696474591333636
-0.008806109867589723 -0.0020494323391521073 -0.008259419631899672
-0.00810719431970382 -0.004140232308903441 0.055079825544783356
-0.00810719431970382 -0.004140232308903441 0.055079825544783356
0.010207445425031329 0.15768620412495132 0.0021283968044268713
-0.00810719431970382 -0.004140232308903441 0.055079825544783356
-0.008806109867589723 -0.0020494323391521073 -0.008259419631899672
-0.008806109867589723 -0.0020494323391521073 -0.008259419631899672
-0.008806109867589723 -0.0020494323391521073 -0.008259419631899672
-0.00810719431970382 -0.004140232308903441 0.055079825544783356
-0.00810719431970382 -0.004140232308903441 0.055079825544783356
-0.00810719431970382 -0.004140232308903441 0.055079825544783356
-0.00810719431970382 -0.004140232308903441 0.055079825544783356
-0.00810719431970382 -0.004140232308903441 0.055079825544783356
-0.00810719431970382 -0.004140232308903441 0.055079825544783356
-0.00810719431970382 -0.004140232308903441 0.055079825544783356
-0.008634028674193835 0.00210544897249577 -0.010257005664222595
-0.008744176834362509 -0.0017953792649199566 -0.008489182627000751
-0.00810719431970382 -0.004140232308903441 0.055079825544783356
0.009116838551743708 0.16516236212334082 -0.006679026843898035
-0.008806109867589723 -0.0020494323391521073 -0.008259419631899672
-0.00809411316685943 -0.00415564298945623 0.055131569783742874
-0.00809411316685943 -0.00415564298945623 0.055131569783742874
-0.00809411316685943 -0.00415564298945623 0.055131569783742874
-0.00810719431970382 -0.004140232308903441 0.055079825544783356
0.009238234192149444 0.1639420919944697 -0.0009530204275455202
-0.00810719431970382 -0.004140232308903441 0.055079825544783356
-0.008147637776824083 -0.004167094358432687 0.05502154085885933
-0.00810719431970382 -0.004140232308903441 0.055079825544783356
-0.006417574362947232 -0.00425078581646405 0.05514432233702845
-0.00810719431970382 -0.004140232308903441 0.055079825544783356
-0.00810719431970382 -0.004140232308903441 0.055079825544783356
0.008990437273659361 0.15795906290569675 0.001923503458999488
0.012548026686456248 0.18350249356526027 0.0003886174579313745
-0.00810719431970382 -0.004140232308903441 0.055079825544783356
-0.00810719431970382 -0.004140232308903441 0.055079825544783356
-0.008806109867589723 -0.0020494323391521073 -0.008259419631899672
-0.008806109867589723 -0.0020494323391521073 -0.008259419631899672
-0.008123471137476261 -0.004170866279875967 0.05511849115029455
-0.008806109867589723 -0.0020494323391521073 -0.008259419631899672
-0.008046063179825648 -0.004155096483511801 0.055101624349841095
-0.00810719431970382 -0.004140232308903441 0.055079825544783356
-0.00810719431970382 -0.004140232308903441 0.055079825544783356
-0.00810719431970382 -0.004140232308903441 0.055079825544783356
-0.008112531071067432 -0.004143853016179625 0.05507755545628776
-0.00810719431970382 -0.004140232308903441 0.055079825544783356
-0.008806109867589723 -0.0020494323391521073 -0.008259419631899672
-0.008712539759808756 -0.001455728645142621 -0.008759506733747847
-0.008068617081849581 -0.004180776159397552 0.055133644690429
-0.00810719431970382 -0.004140232308903441 0.055079825544783356
-0.00810719431970382 -0.004140232308903441 0.055079825544783356
-0.00810719431970382 -0.004140232308903441 0.055079825544783356
-0.00810719431970382 -0.004140232308903441 0.055079825544783356
-0.008040151728571912 -0.0041687638349438595 0.05515081193882473
-0.00809411316685943 -0.00415564298945623 0.055131569783742874
-0.008098501213127413 -0.00414123644294451 0.0550781688521365
-0.00810719431970382 -0.004140232308903441 0.055079825544783356
-0.00810719431970382 -0.004140232308903441 0.055079825544783356
-0.00810719431970382 -0.004140232308903441 0.055079825544783356
0.009024325414422513 0.15795257455662925 0.001791710195350357
-0.008105828024982546 -0.0041221808904500605 0.0550742662359684
-0.00810719431970382 -0.004140232308903441 0.055079825544783356
0.012340162959659904 0.17849858457282944 0.0027912800055338465
-0.00810719431970382 -0.004140232308903441 0.055079825544783356
-0.00810719431970382 -0.004140232308903441 0.055079825544783356
-0.007982435962329044 -0.004156539423665655 0.055158900871653455
-0.00810719431970382 -0.004140232308903441 0.055079825544783356
-0.00810719431970382 -0.004140232308903441 0.055079825544783356
0.008991803568380636 0.15797711432415015 0.001917944150184522
-0.008804743572868451 -0.0020313809206987297 -0.008264978940714636
-0.00810719431970382 -0.004140232308903441 0.055079825544783356
0.010214015324358538 0.1576847311235437 0.002129502901087567
-0.008461671082692962 0.005003928779464853 -0.011857161425770733
-0.008806109867589723 -0.0020494323391521073 -0.008259419631899672
-0.008616820554854243 0.0025209371036605584 -0.010456764267454885
-0.008806109867589723 -0.0020494323391521073 -0.008259419631899672
0.008990437273659361 0.15795906290569675 0.001923503458999488
0.008990437273659361 0.15795906290569675 0.001923503458999488
0.009185356873728408 0.16244831772655033 -0.0003413077664240376
-0.00810719431970382 -0.004140232308903441 0.055079825544783356
-0.008875031180878151 -0.0013302097671555697 -0.009070424192444663
-0.008616820554854243 0.0025209371036605584 -0.010456764267454885
-0.008806109867589723 -0.0020494323391521073 -0.008259419631899672
-0.008806109867589723 -0.0020494323391521073 -0.008259419631899672
-0.008806109867589723 -0.0020494323391521073 -0.008259419631899672
-0.006834201093413178 -0.004333278960449404 0.05514837234241589
-0.007988408935930454 -0.004155528509327075 0.055137669984033535
-0.007935113126307923 1.46490027444351e-05 0.05308223951246043
-0.008806109867589723 -0.0020494323391521073 -0.008259419631899672
-0.008806109867589723 -0.0020494323391521073 -0.008259419631899672
-0.008806109867589723 -0.0020494323391521073 -0.008259419631899672
-0.00810719431970382 -0.004140232308903441 0.055079825544783356
-0.008097824296517087 -0.004136900216551324 0.055075114172112145
-0.008101221346102411 -0.004141243223242021 0.055101056432403296
-0.008123191192207448 -0.004170339405682335 0.05511782613988034
-0.00810719431970382 -0.004140232308903441 0.055079825544783356
0.009181447398328803 0.16257098116162588 -0.0002938170368789581
-0.00810719431970382 -0.004140232308903441 0.055079825544783356
-0.00810719431970382 -0.004140232308903441 0.055079825544783356
-0.00810719431970382 -0.004140232308903441 0.055079825544783356
-0.00810719431970382 -0.004140232308903441 0.055079825544783356
-0.00810719431970382 -0.004140232308903441 0.055079825544783356
-0.00810719431970382 -0.004140232308903441 0.055079825544783356
-0.00810719431970382 -0.004140232308903441 0.055079825544783356
-0.00810719431970382 -0.004140232308903441 0.055079825544783356
0.008990437273659361 0.15795906290569675 0.001923503458999488
-0.00793594313224183 -0.004177833629390778 0.055174821517874346
-0.00810719431970382 -0.004140232308903441 0.055079825544783356
-0.00804725990781489 -0.004154364068729652 0.055120298587485114
-0.00810719431970382 -0.004140232308903441 0.055079825544783356
-0.00809411316685943 -0.00415564298945623 0.055131569783742874
-0.00810719431970382 -0.004140232308903441 0.055079825544783356
-0.00810719431970382 -0.004140232308903441 0.055079825544783356
-0.00810719431970382 -0.004140232308903441 0.055079825544783356
-0.00810719431970382 -0.004140232308903441 0.055079825544783356
-0.00810719431970382 -0.004140232308903441 0.055079825544783356
-0.008091082601736552 -0.004135849817759524 0.055070486061121506
-0.00810719431970382 -0.004140232308903441 0.055079825544783356
0.009178162211909424 0.16249166070022167 -0.0002556813035346113
0.008990437273659361 0.15795906290569675 0.001923503458999488
0.012340162959659904 0.17849858457282944 0.0027912800055338465
0.008990437273659361 0.15795906290569675 0.001923503458999488
-0.008806109867589723 -0.0020494323391521073 -0.008259419631899672
0.012340162959659904 0.17849858457282944 0.0027912800055338465
-0.00810719431970382 -0.004140232308903441 0.055079825544783356
-0.00810719431970382 -0.004140232308903441 0.055079825544783356
-0.008779572282370918 -0.0016608997404271954 -0.00856992777881234
-0.008797416761013326 -0.002050436473193177 -0.00826107632454652
-0.008806109867589723 -0.0020494323391521073 -0.008259419631899672
-0.008806109867589723 -0.0020494323391521073 -0.008259419631899672
-0.008634028674193835 0.00210544897249577 -0.010257005664222595
-0.008806109867589723 -0.0020494323391521073 -0.008259419631899672
-0.00810719431970382 -0.004140232308903441 0.055079825544783356
-0.00810719431970382 -0.004140232308903441 0.055079825544783356
-0.008806109867589723 -0.0020494323391521073 -0.008259419631899672
-0.008806109867589723 -0.0020494323391521073 -0.008259419631899672
-0.00810719431970382 -0.004140232308903441 0.055079825544783356
-0.00810719431970382 -0.004140232308903441 0.055079825544783356
-0.008806109867589723 -0.0020494323391521073 -0.008259419631899672
-0.00810719431970382 -0.004140232308903441 0.055079825544783356
-0.008806109867589723 -0.0020494323391521073 -0.008259419631899672
-0.008616820554854243 0.0025209371036605584 -0.010456764267454885
-0.008806109867589723 -0.0020494323391521073 -0.008259419631899672
-0.008806109867589723 -0.0020494323391521073 -0.008259419631899672
-0.008806109867589723 -0.0020494323391521073 -0.008259419631899672
-0.008806109867589723 -0.0020494323391521073 -0.008259419631899672
-0.008806109867589723 -0.0020494323391521073 -0.008259419631899672
-0.008806109867589723 -0.0020494323391521073 -0.008259419631899672
-0.008806109867589723 -0.0020494323391521073 -0.008259419631899672
-0.008806109867589723 -0.0020494323391521073 -0.008259419631899672
-0.008806109867589723 -0.0020494323391521073 -0.008259419631899672
-0.008115147652104896 -0.004183904830265517 0.05504878852359926
-0.00810719431970382 -0.004140232308903441 0.055079825544783356
-0.008147637776824083 -0.004167094358432687 0.05502154085885933
-0.00810719431970382 -0.004140232308903441 0.055079825544783356
-0.006789009718692853 -0.004435775311326088 0.05530175277878545
-0.00810719431970382 -0.004140232308903441 0.055079825544783356
-0.008089067300224077 -0.00397709933167205 0.055027459351531305
-0.00810719431970382 -0.004140232308903441 0.055079825544783356
-0.00810719431970382 -0.004140232308903441 0.055079825544783356
-0.008806109867589723 -0.0020494323391521073 -0.008259419631899672
-0.008806109867589723 -0.0020494323391521073 -0.008259419631899672
-0.008806109867589723 -0.0020494323391521073 -0.008259419631899672
-0.00810719431970382 -0.004140232308903441 0.055079825544783356
-0.008806109867589723 -0.0020494323391521073 -0.008259419631899672
-0.008806109867589723 -0.0020494323391521073 -0.008259419631899672
0.008990437273659361 0.15795906290569675 0.001923503458999488
-0.00810719431970382 -0.004140232308903441 0.055079825544783356
0.009183168210262755 0.1626125299747424 -0.0003137928972021853
-0.008806109867589723 -0.0020494323391521073 -0.008259419631899672
-0.00810719431970382 -0.004140232308903441 0.055079825544783356
-0.00810719431970382 -0.004140232308903441 0.055079825544783356
-0.00810719431970382 -0.004140232308903441 0.055079825544783356
-0.00810719431970382 -0.004140232308903441 0.055079825544783356
-0.008806109867589723 -0.0020494323391521073 -0.008259419631899672
-0.008806109867589723 -0.0020494323391521073 -0.008259419631899672
-0.008677855900071769 -0.0019858232254362984 -0.008383599116426829
-0.008806109867589723 -0.0020494323391521073 -0.008259419631899672
-0.008806109867589723 -0.0020494323391521073 -0.008259419631899672
-0.008806109867589723 -0.0020494323391521073 -0.008259419631899672
-0.00861838492933966 0.0024831654553728495 -0.01043860439443377
-0.008806109867589723 -0.0020494323391521073 -0.008259419631899672
-0.008744176834362509 -0.0017953792649199566 -0.008489182627000751
-0.00810719431970382 -0.004140232308903441 0.055079825544783356
-0.00810719431970382 -0.004140232308903441 0.055079825544783356
0.009178162211909424 0.16249166070022167 -0.0002556813035346113
-0.008806109867589723 -0.0020494323391521073 -0.008259419631899672
0.009179726586394845 0.16252943234850944 -0.0002738411765557273
-0.00810719431970382 -0.004140232308903441 0.055079825544783356
-0.008806109867589723 -0.0020494323391521073 -0.008259419631899672
-0.00810719431970382 -0.004140232308903441 0.055079825544783356
-0.008806109867589723 -0.0020494323391521073 -0.008259419631899672
-0.008806109867589723 -0.0020494323391521073 -0.008259419631899672
-0.008806109867589723 -0.0020494323391521073 -0.008259419631899672
-0.008806109867589723 -0.0020494323391521073 -0.008259419631899672
-0.008613378930986331 0.0026040347298935153 -0.010496715988101346
-0.008806109867589723 -0.0020494323391521073 -0.008259419631899672
-0.008806109867589723 -0.0020494323391521073 -0.008259419631899672
-0.008806109867589723 -0.0020494323391521073 -0.008259419631899672
-0.008806109867589723 -0.0020494323391521073 -0.008259419631899672
-0.008806109867589723 -0.0020494323391521073 -0.008259419631899672
-0.007950372108664498 -0.0040992113217897036 0.055022246991878805
-0.008123471137476261 -0.004170866279875967 0.05511849115029455
-0.00810719431970382 -0.004140232308903441 0.055079825544783356
-0.00810719431970382 -0.004140232308903441 0.055079825544783356
-0.00810719431970382 -0.004140232308903441 0.055079825544783356
-0.00810719431970382 -0.004140232308903441 0.055079825544783356
-0.008752148429302206 -0.0020625531846397375 -0.008240177476817837
-0.006712365081542658 -0.004452165411543856 0.05538082095996241
-0.00810719431970382 -0.004140232308903441 0.055079825544783356
-0.00810719431970382 -0.004140232308903441 0.055079825544783356
-0.00810719431970382 -0.004140232308903441 0.055079825544783356
-0.00810719431970382 -0.004140232308903441 0.055079825544783356
-0.00810719431970382 -0.004140232308903441 0.055079825544783356
-0.00810719431970382 -0.004140232308903441 0.055079825544783356
-0.00810719431970382 -0.004140232308903441 0.055079825544783356
-0.008956401450629457 -0.0016725819846576285 -0.008824575468346887
-0.00863485868012774 -0.002087033659639445 -0.00816442365880867
-0.008806109867589723 -0.0020494323391521073 -0.008259419631899672
-0.00810719431970382 -0.004140232308903441 0.055079825544783356
-0.00810719431970382 -0.004140232308903441 0.055079825544783356
-0.00810719431970382 -0.004140232308903441 0.055079825544783356
-0.00810719431970382 -0.004140232308903441 0.055079825544783356
-0.00810719431970382 -0.004140232308903441 0.055079825544783356
-0.00810719431970382 -0.004140232308903441 0.055079825544783356
-0.008806109867589723 -0.0020494323391521073 -0.008259419631899672
-0.008085879232792012 -0.0041531871397441624 0.05511681086437865
-0.008078626076182458 -0.004162820435505514 0.055146426476406
-0.00810719431970382 -0.004140232308903441 0.055079825544783356
-0.008806109867589723 -0.0020494323391521073 -0.008259419631899672
-0.008806109867589723 -0.0020494323391521073 -0.008259419631899672
-0.008806109867589723 -0.0020494323391521073 -0.008259419631899672
-0.008806109867589723 -0.0020494323391521073 -0.008259419631899672
-0.008780651246187645 -0.0020622844548814664 -0.00846263110110391
0.008990437273659361 0.15795906290569675 0.001923503458999488
-0.00810719431970382 -0.004140232308903441 0.055079825544783356
-0.008147637776824083 -0.004167094358432687 0.05502154085885933
-0.00810719431970382 -0.004140232308903441 0.055079825544783356
-0.00810719431970382 -0.004140232308903441 0.055079825544783356
-0.008780651246187645 -0.0020622844548814664 -0.00846263110110391
0.008990437273659361 0.15795906290569675 0.001923503458999488
-0.00809839565182322 -0.004134955198331785 0.05507672663113686
-0.008744176834362509 -0.0017953792649199566 -0.008489182627000751
-0.008806109867589723 -0.0020494323391521073 -0.008259419631899672
-0.008806109867589723 -0.0020494323391521073 -0.008259419631899672
-0.008806109867589723 -0.0020494323391521073 -0.008259419631899672
-0.008806109867589723 -0.0020494323391521073 -0.008259419631899672
-0.00810719431970382 -0.004140232308903441 0.055079825544783356
-0.008806109867589723 -0.0020494323391521073 -0.008259419631899672
-0.00810719431970382 -0.004140232308903441 0.055079825544783356
-0.00810719431970382 -0.004140232308903441 0.055079825544783356
-0.00810719431970382 -0.004140232308903441 0.055079825544783356
-0.00810719431970382 -0.004140232308903441 0.055079825544783356
-0.00810719431970382 -0.004140232308903441 0.055079825544783356
-0.008806109867589723 -0.0020494323391521073 -0.008259419631899672
-0.008806109867589723 -0.0020494323391521073 -0.008259419631899672
-0.008806109867589723 -0.0020494323391521073 -0.008259419631899672
-0.008806109867589723 -0.0020494323391521073 -0.008259419631899672
-0.008806109867589723 -0.0020494323391521073 -0.008259419631899672
-0.008806109867589723 -0.0020494323391521073 -0.008259419631899672
-0.008104888800289598 -0.0041348550104918546 0.05507646206372514
-0.008806109867589723 -0.0020494323391521073 -0.008259419631899672
-0.008806109867589723 -0.0020494323391521073 -0.008259419631899672
0.009219305260875898 0.16348505505018845 -0.0007332859639900001
-0.008806109867589723 -0.0020494323391521073 -0.008259419631899672
-0.008806109867589723 -0.0020494323391521073 -0.008259419631899672
-0.008806109867589723 -0.0020494323391521073 -0.008259419631899672
-0.008806109867589723 -0.0020494323391521073 -0.008259419631899672
-0.008806109867589723 -0.0020494323391521073 -0.008259419631899672
-0.00810719431970382 -0.004140232308903441 0.055079825544783356
-0.00810719431970382 -0.004140232308903441 0.055079825544783356
-0.00810719431970382 -0.004140232308903441 0.055079825544783356
-0.008806109867589723 -0.0020494323391521073 -0.008259419631899672
-0.008806109867589723 -0.0020494323391521073 -0.008259419631899672
-0.008806109867589723 -0.0020494323391521073 -0.008259419631899672
-0.00810719431970382 -0.004140232308903441 0.055079825544783356
-0.008806109867589723 -0.0020494323391521073 -0.008259419631899672
-0.00810719431970382 -0.004140232308903441 0.055079825544783356
-0.00810719431970382 -0.004140232308903441 0.055079825544783356
-0.00810719431970382 -0.004140232308903441 0.055079825544783356
-0.00810719431970382 -0.004140232308903441 0.055079825544783356
-0.00810719431970382 -0.004140232308903441 0.055079825544783356
-0.00810719431970382 -0.004140232308903441 0.055079825544783356
-0.008806109867589723 -0.0020494323391521073 -0.008259419631899672
-0.008806109867589723 -0.0020494323391521073 -0.008259419631899672
0.008991012566529311 0.1579656217612794 0.0019185757924141383
-0.008744176834362509 -0.0017953792649199566 -0.008489182627000751
-0.008806109867589723 -0.0020494323391521073 -0.008259419631899672
-0.008806109867589723 -0.0020494323391521073 -0.008259419631899672
-0.008806109867589723 -0.0020494323391521073 -0.008259419631899672
-0.008806109867589723 -0.0020494323391521073 -0.008259419631899672
-0.008806109867589723 -0.0020494323391521073 -0.008259419631899672
-0.008787982848109983 -0.001886299361920718 -0.008311785825151715
0.008990437273659361 0.15795906290569675 0.001923503458999488
-0.008615099742920285 0.002562485916777037 -0.010476740127778116
-0.00793594313224183 -0.004177833629390778 0.055174821517874346
-0.00810719431970382 -0.004140232308903441 0.055079825544783356
-0.00809839565182322 -0.004134955198331785 0.05507672663113686
-0.00810719431970382 -0.004140232308903441 0.055079825544783356
-0.008806109867589723 -0.0020494323391521073 -0.008259419631899672
-0.008806109867589723 -0.0020494323391521073 -0.008259419631899672
-0.008608570052791751 0.00209259685676641 -0.010460217133426833
-0.008806109867589723 -0.0020494323391521073 -0.008259419631899672
-0.008806109867589723 -0.0020494323391521073 -0.008259419631899672
-0.008806109867589723 -0.0020494323391521073 -0.008259419631899672
-0.008806109867589723 -0.0020494323391521073 -0.008259419631899672
-0.008806109867589723 -0.0020494323391521073 -0.008259419631899672
0.009030797955045765 0.1630849214675169 -0.005680233827736572
-0.008616820554854243 0.0025209371036605584 -0.010456764267454885
-0.008806109867589723 -0.0020494323391521073 -0.008259419631899672
-0.008634028674193835 0.00210544897249577 -0.010257005664222595
-0.008806109867589723 -0.0020494323391521073 -0.008259419631899672
-0.008742577392250574 -0.002064880403896603 -0.008236764532591628
0.00903440805305167 0.15846816058140362 0.0018594455441811389
0.00921414282507402 0.16336040861083898 -0.0006733583830203129
-0.00810719431970382 -0.004140232308903441 0.055079825544783356
-0.008806109867589723 -0.0020494323391521073 -0.008259419631899672
0.00919693470573443 0.16294492047967418 -0.0004735997797880201
-0.008806109867589723 -0.0020494323391521073 -0.008259419631899672
0.009641065077871443 0.1568469309714599 0.05952960956951789
-0.008806109867589723 -0.0020494323391521073 -0.008259419631899672
-0.008806109867589723 -0.0020494323391521073 -0.008259419631899672
-0.008744176834362509 -0.0017953792649199566 -0.008489182627000751
-0.008806109867589723 -0.0020494323391521073 -0.008259419631899672
0.008990437273659361 0.15795906290569675 0.001923503458999488
-0.008806109867589723 -0.0020494323391521073 -0.008259419631899672
-0.008806109867589723 -0.0020494323391521073 -0.008259419631899672
0.008996133696922669 0.1580005500895874 0.0019164813645315304
0.008990437273659361 0.15795906290569675 0.001923503458999488
-0.008806109867589723 -0.0020494323391521073 -0.008259419631899672
0.013571624889551727 0.1782224851889872 0.0029986067636147626
-0.008806109867589723 -0.0020494323391521073 -0.008259419631899672
-0.008806109867589723 -0.0020494323391521073 -0.008259419631899672
-0.008615099742920285 0.002562485916777037 -0.010476740127778116
-0.008803804348175504 -0.00204405504074052 -0.008262783112957882
-0.008806109867589723 -0.0020494323391521073 -0.008259419631899672
-0.008806109867589723 -0.0020494323391521073 -0.008259419631899672
-0.008806109867589723 -0.0020494323391521073 -0.008259419631899672
-0.008806109867589723 -0.0020494323391521073 -0.008259419631899672
-0.008744176834362509 -0.0017953792649199566 -0.008489182627000751
-0.008806109867589723 -0.0020494323391521073 -0.008259419631899672
-0.00810719431970382 -0.004140232308903441 0.055079825544783356
0.01234152925438118 0.17851663599128287 0.0027857206967188824
0.01072223279682644 0.15768230241080142 0.002129668491448021
-0.007978940352185857 -0.0040766231951876305 0.05495564606025619
-0.00810719431970382 -0.004140232308903441 0.055079825544783356
-0.008048096219639077 -0.004168665795025764 0.055027693806451825
-0.00810719431970382 -0.004140232308903441 0.055079825544783356
0.008992742793073586 0.15796444020410835 0.0019201399779412744
-0.008806109867589723 -0.0020494323391521073 -0.008259419631899672
-0.008677855900071769 -0.0019858232254362984 -0.008383599116426829
-0.00810719431970382 -0.004140232308903441 0.055079825544783356
0.009211755221031995 0.16325247096438747 -0.0006222422450151736
-0.008797416761013326 -0.002050436473193177 -0.00826107632454652
-0.008956401450629457 -0.0016725819846576285 -0.008824575468346887
-0.008634028674193835 0.00210544897249577 -0.010257005664222595
-0.008806109867589723 -0.0020494323391521073 -0.008259419631899672
-0.008574936360958962 0.0034819371037511553 -0.010919572535947376
-0.008806109867589723 -0.0020494323391521073 -0.008259419631899672
0.009245681568457516 0.1626788233705567 -0.0005522520859546538
-0.008122422111798616 -0.004168891949106428 0.055115999188192974
-0.00798868109032818 -0.004161399933893791 0.05511462092869271
0.00932518867325239 0.16300852959339004 -0.0005977792643151774
-0.00810719431970382 -0.004140232308903441 0.055079825544783356
-0.008486845775402324 0.0026260950304928454 -0.010600919612305273
0.008990437273659361 0.15795906290569675 0.001923503458999488
-0.008806109867589723 -0.0020494323391521073 -0.008259419631899672
-0.008806109867589723 -0.0020494323391521073 -0.008259419631899672
-0.008806109867589723 -0.0020494323391521073 -0.008259419631899672
-0.008615099742920285 0.002562485916777037 -0.010476740127778116
0.008990437273659361 0.15795906290569675 0.001923503458999488
-0.008806109867589723 -0.0020494323391521073 -0.008259419631899672
-0.00810719431970382 -0.004140232308903441 0.055079825544783356
-0.008806109867589723 -0.0020494323391521073 -0.008259419631899672
-0.008806109867589723 -0.0020494323391521073 -0.008259419631899672
-0.008806109867589723 -0.0020494323391521073 -0.008259419631899672
0.008990437273659361 0.15795906290569675 0.001923503458999488
-0.008577241880373185 0.003476559805339568 -0.01091620905488916
0.009015815100931001 0.1581874490738207 0.0018501907884466296
0.009048006074385358 0.16350040959868167 -0.005879992430968864
0.009179726586394845 0.16252943234850944 -0.0002738411765557273
-0.00810719431970382 -0.004140232308903441 0.055079825544783356
-0.00810719431970382 -0.004140232308903441 0.055079825544783356
-0.00793594313224183 -0.004177833629390778 0.055174821517874346
-0.008114165759215876 -0.004178513160961557 0.055052620254609635
-0.00793594313224183 -0.004177833629390778 0.055174821517874346
0.012340162959659904 0.17849858457282944 0.0027912800055338465
-0.008115587023966848 -0.0041494794961774144 0.05505890023857839
-0.00810719431970382 -0.004140232308903441 0.055079825544783356
0.008990437273659361 0.15795906290569675 0.001923503458999488
-0.008806109867589723 -0.0020494323391521073 -0.008259419631899672
0.009162518467055255 0.1621139442173446 -7.408257332343647e-05
-0.00810719431970382 -0.004140232308903441 0.055079825544783356
-0.00810719431970382 -0.004140232308903441 0.055079825544783356
-0.008147637776824083 -0.004167094358432687 0.05502154085885933
-0.00810719431970382 -0.004140232308903441 0.055079825544783356
0.008990437273659361 0.15795906290569675 0.001923503458999488
0.008990437273659361 0.15795906290569675 0.001923503458999488
0.008990437273659361 0.15795906290569675 0.001923503458999488
0.009162518467055255 0.1621139442173446 -7.408257332343647e-05
0.008990437273659361 0.15795906290569675 0.001923503458999488
0.008990437273659361 0.15795906290569675 0.001923503458999488
0.008990437273659361 0.15795906290569675 0.001923503458999488
-0.008806109867589723 -0.0020494323391521073 -0.008259419631899672
-0.008806109867589723 -0.0020494323391521073 -0.008259419631899672
-0.008806790320173062 -0.002047819137194217 -0.008259331620313693
0.008990437273659361 0.15795906290569675 0.001923503458999488
-0.008806109867589723 -0.0020494323391521073 -0.008259419631899672
-0.008806109867589723 -0.0020494323391521073 -0.008259419631899672
-0.00810719431970382 -0.004140232308903441 0.055079825544783356
-0.00810719431970382 -0.004140232308903441 0.055079825544783356
-0.008806109867589723 -0.0020494323391521073 -0.008259419631899672
-0.008615099742920285 0.002562485916777037 -0.010476740127778116
-0.008634028674193835 0.00210544897249577 -0.010257005664222595
0.008990437273659361 0.15795906290569675 0.001923503458999488
0.012361393027834951 0.1788094106518094 0.0025428734880037123
0.009118691241177314 0.15802267201941256 0.0017993239744723292
-0.0069624550609311405 -0.004396888074165213 0.05527255182694309
0.009011667341834407 0.15826988898467667 0.001675096941469352
-0.008806109867589723 -0.0020494323391521073 -0.008259419631899672
0.009118691241177314 0.15802267201941256 0.0017993239744723292
-0.008078626076182458 -0.004162820435505514 0.055146426476406
-0.00810719431970382 -0.004140232308903441 0.055079825544783356
-0.008078626076182458 -0.004162820435505514 0.055146426476406
-0.00810719431970382 -0.004140232308903441 0.055079825544783356
-0.00810719431970382 -0.004140232308903441 0.055079825544783356
-0.00810719431970382 -0.004140232308903441 0.055079825544783356
-0.00810719431970382 -0.004140232308903441 0.055079825544783356
-0.00810719431970382 -0.004140232308903441 0.055079825544783356
-0.00810719431970382 -0.004140232308903441 0.055079825544783356
-0.00810719431970382 -0.004140232308903441 0.055079825544783356
-0.00810719431970382 -0.004140232308903441 0.055079825544783356
0.009011667341834407 0.15826988898467667 0.001675096941469352
-0.008806109867589723 -0.0020494323391521073 -0.008259419631899672
-0.008806109867589723 -0.0020494323391521073 -0.008259419631899672
-0.008806109867589723 -0.0020494323391521073 -0.008259419631899672
-0.008756299309170476 -0.002061543888832997 -0.008241657642593363
-0.008806109867589723 -0.0020494323391521073 -0.008259419631899672
-0.008615099742920285 0.002562485916777037 -0.010476740127778116
0.009291540141976726 0.1644868186463242 -0.0012556033757386677
0.013636935555644925 0.17820274744701148 0.0030081517201017245
0.008990437273659361 0.15795906290569675 0.001923503458999488
-0.00810719431970382 -0.004140232308903441 0.055079825544783356
-0.008787982848109983 -0.001886299361920718 -0.008311785825151715
-0.0085892875639109 0.0031857181135242166 -0.010776378032626556
-0.007898941576542822 -0.004096075078008453 0.054984172891566326
0.008990437273659361 0.15795906290569675 0.001923503458999488
-0.008615099742920285 0.002562485916777037 -0.010476740127778116
-0.00810719431970382 -0.004140232308903441 0.055079825544783356
-0.00810719431970382 -0.004140232308903441 0.055079825544783356
-0.008806109867589723 -0.0020494323391521073 -0.008259419631899672
-0.008806109867589723 -0.0020494323391521073 -0.008259419631899672
-0.008806109867589723 -0.0020494323391521073 -0.008259419631899672
0.012349114306214652 0.1785523635857801 0.002779724080929684
-0.008806109867589723 -0.0020494323391521073 -0.008259419631899672
-0.00810719431970382 -0.004140232308903441 0.055079825544783356
-0.00809839565182322 -0.004134955198331785 0.05507672663113686
-0.00810719431970382 -0.004140232308903441 0.055079825544783356
-0.00810719431970382 -0.004140232308903441 0.055079825544783356
0.008990437273659361 0.15795906290569675 0.001923503458999488
-0.008615099742920285 0.002562485916777037 -0.010476740127778116
0.012340162959659904 0.17849858457282944 0.0027912800055338465
0.009162518467055255 0.1621139442173446 -7.408257332343647e-05
-0.008806109867589723 -0.0020494323391521073 -0.008259419631899672
-0.008102215214697768 -0.004164569927820283 0.05511136916346705
0.008990437273659361 0.15795906290569675 0.001923503458999488
-0.00809411316685943 -0.00415564298945623 0.055131569783742874
-0.008102297787545693 -0.004164660907624239 0.05511116328678267
-0.008121858119498808 -0.004167830480950761 0.05511465942362227
-0.008806109867589723 -0.0020494323391521073 -0.008259419631899672
-0.00810719431970382 -0.004140232308903441 0.055079825544783356
-0.008806109867589723 -0.0020494323391521073 -0.008259419631899672
-0.00810719431970382 -0.004140232308903441 0.055079825544783356
-0.00810719431970382 -0.004140232308903441 0.055079825544783356
-0.00810719431970382 -0.004140232308903441 0.055079825544783356
0.012325499159864915 0.17847098640078213 0.002826113884372766
0.008996133696922669 0.1580005500895874 0.0019164813645315304
-0.00810719431970382 -0.004140232308903441 0.055079825544783356
-0.008806109867589723 -0.0020494323391521073 -0.008259419631899672
-0.008806109867589723 -0.0020494323391521073 -0.008259419631899672
0.008990437273659361 0.15795906290569675 0.001923503458999488
-0.008806109867589723 -0.0020494323391521073 -0.008259419631899672
-0.00809411316685943 -0.00415564298945623 0.055131569783742874
-0.00809411316685943 -0.00415564298945623 0.055131569783742874
-0.00793594313224183 -0.004177833629390778 0.055174821517874346
-0.007709180508120082 -0.004189672176020159 0.05507258282851783
-0.00810719431970382 -0.004140232308903441 0.055079825544783356
-0.00810719431970382 -0.004140232308903441 0.055079825544783356
-0.00810719431970382 -0.004140232308903441 0.055079825544783356
-0.008677855900071769 -0.0019858232254362984 -0.008383599116426829
0.008990437273659361 0.15795906290569675 0.001923503458999488
0.008990437273659361 0.15795906290569675 0.001923503458999488
-0.008780651246187645 -0.0020622844548814664 -0.00846263110110391
-0.00810719431970382 -0.004140232308903441 0.055079825544783356
-0.008806109867589723 -0.0020494323391521073 -0.008259419631899672
-0.008806109867589723 -0.0020494323391521073 -0.008259419631899672
-0.008806109867589723 -0.0020494323391521073 -0.008259419631899672
0.012340162959659904 0.17849858457282944 0.0027912800055338465
0.0088683891216541 0.15869646651621588 -0.003543981910440976
-0.008806109867589723 -0.0020494323391521073 -0.008259419631899672
-0.008615099742920285 0.002562485916777037 -0.010476740127778116
-0.00810719431970382 -0.004140232308903441 0.055079825544783356
-0.00810719431970382 -0.004140232308903441 0.055079825544783356
0.012340162959659904 0.17849858457282944 0.0027912800055338465
-0.00810719431970382 -0.004140232308903441 0.055079825544783356
0.012340162959659904 0.17849858457282944 0.0027912800055338465
0.012340162959659904 0.17849858457282944 0.0027912800055338465
-0.00810719431970382 -0.004140232308903441 0.055079825544783356
-0.00868732448381636 -0.002064728539575742 -0.008201575192649468
-0.00810719431970382 -0.004140232308903441 0.055079825544783356
-0.00810719431970382 -0.004140232308903441 0.055079825544783356
-0.00810719431970382 -0.004140232308903441 0.055079825544783356
-0.00810719431970382 -0.004140232308903441 0.055079825544783356
-0.00810719431970382 -0.004140232308903441 0.055079825544783356
0.009178162211909424 0.16249166070022167 -0.0002556813035346113
-0.008806109867589723 -0.0020494323391521073 -0.008259419631899672
-0.008803804348175504 -0.00204405504074052 -0.008262783112957882
-0.00810719431970382 -0.004140232308903441 0.055079825544783356
-0.00868732448381636 -0.002064728539575742 -0.008201575192649468
-0.008806109867589723 -0.0020494323391521073 -0.008259419631899672
-0.008806109867589723 -0.0020494323391521073 -0.008259419631899672
-0.008806109867589723 -0.0020494323391521073 -0.008259419631899672
-0.008806109867589723 -0.0020494323391521073 -0.008259419631899672
-0.00810719431970382 -0.004140232308903441 0.055079825544783356
-0.00810719431970382 -0.004140232308903441 0.055079825544783356
-0.00810719431970382 -0.004140232308903441 0.055079825544783356
-0.00810719431970382 -0.004140232308903441 0.055079825544783356
-0.00810719431970382 -0.004140232308903441 0.055079825544783356
-0.00810719431970382 -0.004140232308903441 0.055079825544783356
-0.00810719431970382 -0.004140232308903441 0.055079825544783356
-0.00810719431970382 -0.004140232308903441 0.055079825544783356
-0.00810719431970382 -0.004140232308903441 0.055079825544783356
-0.008806109867589723 -0.0020494323391521073 -0.008259419631899672
-0.008447488309197218 0.005294361296113788 -0.01200530373493013
-0.008787982848109983 -0.001886299361920718 -0.008311785825151715
-0.008787982848109983 -0.001886299361920718 -0.008311785825151715
-0.00810719431970382 -0.004140232308903441 0.055079825544783356
-0.00810719431970382 -0.004140232308903441 0.055079825544783356
-0.008220239477760629 -0.003770513293023669 0.054369815850992056
0.008990437273659361 0.15795906290569675 0.001923503458999488
-0.008806109867589723 -0.0020494323391521073 -0.008259419631899672
-0.008447488309197218 0.005294361296113788 -0.01200530373493013
-0.008756299309170476 -0.002061543888832997 -0.008241657642593363
-0.00810719431970382 -0.004140232308903441 0.055079825544783356
0.012192600623032105 0.17907212511029028 -0.0026206719544619624
-0.00810719431970382 -0.004140232308903441 0.055079825544783356
-0.00810719431970382 -0.004140232308903441 0.055079825544783356
-0.00810719431970382 -0.004140232308903441 0.055079825544783356
-0.008616820554854243 0.0025209371036605584 -0.010456764267454885
0.009162518467055255 0.1621139442173446 -7.408257332343647e-05
0.012340162959659904 0.17849858457282944 0.0027912800055338465
-0.008616820554854243 0.0025209371036605584 -0.010456764267454885
0.012340162959659904 0.17849858457282944 0.0027912800055338465
-0.008619688574744176 0.002451689081799759 -0.01042347116691617
-0.00810719431970382 -0.004140232308903441 0.055079825544783356
-0.008659728880592028 -0.001822690248204909 -0.008435965309678873
-0.00859617081164674 0.003019522861058302 -0.010696474591333636
0.009162518467055255 0.1621139442173446 -7.408257332343647e-05
0.008990437273659361 0.15795906290569675 0.001923503458999488
-0.00810719431970382 -0.004140232308903441 0.055079825544783356
-0.008078626076182458 -0.004162820435505514 0.055146426476406
-0.00810719431970382 -0.004140232308903441 0.055079825544783356
-0.00810719431970382 -0.004140232308903441 0.055079825544783356
-0.008078626076182458 -0.004162820435505514 0.055146426476406
-0.008806109867589723 -0.0020494323391521073 -0.008259419631899672
0.008990437273659361 0.15795906290569675 0.001923503458999488
0.009015895895061445 0.15794621078996746 0.0017202919897952517
-0.00809411316685943 -0.00415564298945623 0.055131569783742874
-0.00810719431970382 -0.004140232308903441 0.055079825544783356
0.009183849247574255 0.16251035885783513 -0.00028256157144965986
0.008990437273659361 0.15795906290569675 0.001923503458999488
0.012189871376620172 0.17887543492732394 0.0022261241690866296
-0.008806109867589723 -0.0020494323391521073 -0.008259419631899672
-0.008806109867589723 -0.0020494323391521073 -0.008259419631899672
0.008998812072467213 0.1579620410843525 0.0019192924984240602
-0.008615099742920285 0.002562485916777037 -0.010476740127778116
-0.008806109867589723 -0.0020494323391521073 -0.008259419631899672
-0.00810719431970382 -0.004140232308903441 0.055079825544783356
-0.008806109867589723 -0.0020494323391521073 -0.008259419631899672
0.008990437273659361 0.15795906290569675 0.001923503458999488
-0.008806109867589723 -0.0020494323391521073 -0.008259419631899672
-0.008806109867589723 -0.0020494323391521073 -0.008259419631899672
-0.008806109867589723 -0.0020494323391521073 -0.008259419631899672
-0.008806109867589723 -0.0020494323391521073 -0.008259419631899672
-0.008616820554854243 0.0025209371036605584 -0.010456764267454885
0.008990437273659361 0.15795906290569675 0.001923503458999488
-0.008806109867589723 -0.0020494323391521073 -0.008259419631899672
-0.008806109867589723 -0.0020494323391521073 -0.008259419631899672
-0.008806109867589723 -0.0020494323391521073 -0.008259419631899672
-0.008806109867589723 -0.0020494323391521073 -0.008259419631899672
-0.00810719431970382 -0.004140232308903441 0.055079825544783356
-0.008806109867589723 -0.0020494323391521073 -0.008259419631899672
-0.00810719431970382 -0.004140232308903441 0.055079825544783356
-0.008616820554854243 0.0025209371036605584 -0.010456764267454885
-0.008615099742920285 0.002562485916777037 -0.010476740127778116
-0.00810719431970382 -0.004140232308903441 0.055079825544783356
-0.008797416761013326 -0.002050436473193177 -0.00826107632454652
0.008990437273659361 0.15795906290569675 0.001923503458999488
-0.008806109867589723 -0.0020494323391521073 -0.008259419631899672
-0.008806109867589723 -0.0020494323391521073 -0.008259419631899672
-0.00810719431970382 -0.004140232308903441 0.055079825544783356
-0.00810719431970382 -0.004140232308903441 0.055079825544783356
-0.008806109867589723 -0.0020494323391521073 -0.008259419631899672
0.008990437273659361 0.15795906290569675 0.001923503458999488
0.008990437273659361 0.15795906290569675 0.001923503458999488
-0.008806109867589723 -0.0020494323391521073 -0.008259419631899672
-0.00810719431970382 -0.004140232308903441 0.055079825544783356
-0.008613378930986331 0.0026040347298935153 -0.010496715988101346
-0.008081735698301737 -0.004153084424632797 0.0548766140755791
0.008990437273659361 0.15795906290569675 0.001923503458999488
0.008990437273659361 0.15795906290569675 0.001923503458999488
0.008990437273659361 0.15795906290569675 0.001923503458999488
-0.00810719431970382 -0.004140232308903441 0.055079825544783356
0.008990437273659361 0.15795906290569675 0.001923503458999488
-0.00810719431970382 -0.004140232308903441 0.055079825544783356
0.009215121043675409 0.16285642235225806 -0.00040029471415048586
-0.00810719431970382 -0.004140232308903441 0.055079825544783356
-0.008049082001548026 -0.004154362450197811 0.05510054786564071
-0.00810719431970382 -0.004140232308903441 0.055079825544783356
-0.007978940352185857 -0.0040766231951876305 0.05495564606025619
-0.00810719431970382 -0.004140232308903441 0.055079825544783356
-0.00810719431970382 -0.004140232308903441 0.055079825544783356
0.008990437273659361 0.15795906290569675 0.001923503458999488
-0.00810719431970382 -0.004140232308903441 0.055079825544783356
-0.00810719431970382 -0.004140232308903441 0.055079825544783356
-0.00810719431970382 -0.004140232308903441 0.055079825544783356
-0.0069624550609311405 -0.004396888074165213 0.05527255182694309
-0.00810719431970382 -0.004140232308903441 0.055079825544783356
-0.00810719431970382 -0.004140232308903441 0.055079825544783356
-0.00810719431970382 -0.004140232308903441 0.055079825544783356
-0.00810719431970382 -0.004140232308903441 0.055079825544783356
-0.006889772340315011 -0.004412855618181054 0.055305013849887015
-0.008081735698301737 -0.004153084424632797 0.0548766140755791
-0.00800036542855043 -0.0038107122071307413 0.054630765351481335
-0.00810719431970382 -0.004140232308903441 0.055079825544783356
-0.00810719431970382 -0.004140232308903441 0.055079825544783356
-0.00810719431970382 -0.004140232308903441 0.055079825544783356
0.009302055155829783 0.16383300379664145 -0.0009800986362714314
0.012261215303916495 0.17914740708232232 0.0019857429754691165
-0.00810719431970382 -0.004140232308903441 0.055079825544783356
0.010306490326813862 0.16186435389332654 0.00011208837215000478
-0.00810719431970382 -0.004140232308903441 0.055079825544783356
-0.00810719431970382 -0.004140232308903441 0.055079825544783356
-0.00810719431970382 -0.004140232308903441 0.055079825544783356
-0.008081735698301737 -0.004153084424632797 0.0548766140755791
-0.00810719431970382 -0.004140232308903441 0.055079825544783356
-0.00810719431970382 -0.004140232308903441 0.055079825544783356
-0.00810719431970382 -0.004140232308903441 0.055079825544783356
-0.00810719431970382 -0.004140232308903441 0.055079825544783356
-0.00810719431970382 -0.004140232308903441 0.055079825544783356
-0.00810719431970382 -0.004140232308903441 0.055079825544783356
-0.00810719431970382 -0.004140232308903441 0.055079825544783356
-0.008078626076182458 -0.004162820435505514 0.055146426476406
-0.00810719431970382 -0.004140232308903441 0.055079825544783356
-0.00810719431970382 -0.004140232308903441 0.055079825544783356
-0.007860008838777905 0.000921591552692259 0.052497916728005294
-0.00810719431970382 -0.004140232308903441 0.055079825544783356
-0.00810719431970382 -0.004140232308903441 0.055079825544783356
-0.00810719431970382 -0.004140232308903441 0.055079825544783356
-0.00810719431970382 -0.004140232308903441 0.055079825544783356
-0.00810719431970382 -0.004140232308903441 0.055079825544783356
-0.00810719431970382 -0.004140232308903441 0.055079825544783356
-0.00810719431970382 -0.004140232308903441 0.055079825544783356
-0.00810719431970382 -0.004140232308903441 0.055079825544783356
-0.00810719431970382 -0.004140232308903441 0.055079825544783356
-0.00810719431970382 -0.004140232308903441 0.055079825544783356
-0.008114214853860324 -0.004178782744426756 0.05505242866805913
-0.007935113126307923 1.46490027444351e-05 0.05308223951246043
-0.00810719431970382 -0.004140232308903441 0.055079825544783356
-0.00810719431970382 -0.004140232308903441 0.055079825544783356
-0.008806109867589723 -0.0020494323391521073 -0.008259419631899672
-0.008806109867589723 -0.0020494323391521073 -0.008259419631899672
-0.008806109867589723 -0.0020494323391521073 -0.008259419631899672
-0.00810719431970382 -0.004140232308903441 0.055079825544783356
-0.00810719431970382 -0.004140232308903441 0.055079825544783356
-0.00810719431970382 -0.004140232308903441 0.055079825544783356
-0.00810719431970382 -0.004140232308903441 0.055079825544783356
-0.00810719431970382 -0.004140232308903441 0.055079825544783356
-0.00810719431970382 -0.004140232308903441 0.055079825544783356
-0.00810719431970382 -0.004140232308903441 0.055079825544783356
-0.008076664463160438 -0.004146077668423693 0.05496109287482921
-0.00810719431970382 -0.004140232308903441 0.055079825544783356
-0.00810719431970382 -0.004140232308903441 0.055079825544783356
-0.00810719431970382 -0.004140232308903441 0.055079825544783356
-0.00810719431970382 -0.004140232308903441 0.055079825544783356
-0.00810719431970382 -0.004140232308903441 0.055079825544783356
-0.00810719431970382 -0.004140232308903441 0.055079825544783356
-0.00810719431970382 -0.004140232308903441 0.055079825544783356
-0.00810719431970382 -0.004140232308903441 0.055079825544783356
-0.00810719431970382 -0.004140232308903441 0.055079825544783356
-0.008039288312875195 -0.0038871901490098696 0.0548712934373022
-0.00810719431970382 -0.004140232308903441 0.055079825544783356
-0.00810719431970382 -0.004140232308903441 0.055079825544783356
0.008990437273659361 0.15795906290569675 0.001923503458999488
-0.008806109867589723 -0.0020494323391521073 -0.008259419631899672
0.008990437273659361 0.15795906290569675 0.001923503458999488
-0.00810719431970382 -0.004140232308903441 0.055079825544783356
-0.00810719431970382 -0.004140232308903441 0.055079825544783356
-0.00810719431970382 -0.004140232308903441 0.055079825544783356
-0.00810719431970382 -0.004140232308903441 0.055079825544783356
-0.00793594313224183 -0.004177833629390778 0.055174821517874346
-0.00810719431970382 -0.004140232308903441 0.055079825544783356
-0.00810719431970382 -0.004140232308903441 0.055079825544783356
-0.00810719431970382 -0.004140232308903441 0.055079825544783356
-0.00810719431970382 -0.004140232308903441 0.055079825544783356
-0.00810719431970382 -0.004140232308903441 0.055079825544783356
-0.00810719431970382 -0.004140232308903441 0.055079825544783356
-0.008114917361582707 -0.004165362264393637 0.055111169517939894
-0.008123191192207448 -0.004170339405682335 0.05511782613988034
-0.00810719431970382 -0.004140232308903441 0.055079825544783356
-0.00810719431970382 -0.004140232308903441 0.055079825544783356
-0.008081735698301737 -0.004153084424632797 0.0548766140755791
-0.008081735698301737 -0.004153084424632797 0.0548766140755791
-0.00810719431970382 -0.004140232308903441 0.055079825544783356
-0.00810719431970382 -0.004140232308903441 0.055079825544783356
-0.00810719431970382 -0.004140232308903441 0.055079825544783356
-0.00810719431970382 -0.004140232308903441 0.055079825544783356
-0.00809411316685943 -0.00415564298945623 0.055131569783742874
-0.00810719431970382 -0.004140232308903441 0.055079825544783356
-0.00810719431970382 -0.004140232308903441 0.055079825544783356
-0.00810719431970382 -0.004140232308903441 0.055079825544783356
-0.00810719431970382 -0.004140232308903441 0.055079825544783356
-0.00810719431970382 -0.004140232308903441 0.055079825544783356
-0.006766658107298527 -0.004484041005357817 0.055133833356644436
-0.008123191192207448 -0.004170339405682335 0.05511782613988034
-0.00810719431970382 -0.004140232308903441 0.055079825544783356
-0.008101221346102411 -0.004141243223242021 0.055101056432403296
-0.008099201931800434 -0.004137390120140693 0.05507580686551272
-0.00810719431970382 -0.004140232308903441 0.055079825544783356
-0.00810719431970382 -0.004140232308903441 0.055079825544783356
-0.00810719431970382 -0.004140232308903441 0.055079825544783356
-0.00810719431970382 -0.004140232308903441 0.055079825544783356
-0.00810719431970382 -0.004140232308903441 0.055079825544783356
-0.008098501213127413 -0.00414123644294451 0.0550781688521365
-0.00810719431970382 -0.004140232308903441 0.055079825544783356
-0.00805298432835549 -0.003911309190161488 0.05488140652283882
0.012340162959659904 0.17849858457282944 0.0027912800055338465
-0.00810719431970382 -0.004140232308903441 0.055079825544783356
-0.007988408935930454 -0.004155528509327075 0.055137669984033535
-0.00810719431970382 -0.004140232308903441 0.055079825544783356
-0.00810719431970382 -0.004140232308903441 0.055079825544783356
-0.00810719431970382 -0.004140232308903441 0.055079825544783356
-0.00810719431970382 -0.004140232308903441 0.055079825544783356
-0.008013725082916758 -0.003764769543776586 0.05483194638228535
-0.00810719431970382 -0.004140232308903441 0.055079825544783356
-0.00810719431970382 -0.004140232308903441 0.055079825544783356
-0.00810719431970382 -0.004140232308903441 0.055079825544783356
-0.00810719431970382 -0.004140232308903441 0.055079825544783356
-0.00810719431970382 -0.004140232308903441 0.055079825544783356
-0.00810719431970382 -0.004140232308903441 0.055079825544783356
-0.008101221346102411 -0.004141243223242021 0.055101056432403296
-0.00810719431970382 -0.004140232308903441 0.055079825544783356
0.009162518467055255 0.1621139442173446 -7.408257332343647e-05
-0.006789009718692853 -0.004435775311326088 0.05530175277878545
0.01234152925438118 0.17851663599128287 0.0027857206967188824
-0.00810719431970382 -0.004140232308903441 0.055079825544783356
-0.00810719431970382 -0.004140232308903441 0.055079825544783356
-0.00810719431970382 -0.004140232308903441 0.055079825544783356
-0.00810719431970382 -0.004140232308903441 0.055079825544783356
-0.008783110627066758 -0.0017127040869238503 -0.00852852669255732
0.008990437273659361 0.15795906290569675 0.001923503458999488
0.00921551947462119 0.1633936476613322 -0.0006893390712788953
-0.00810719431970382 -0.004140232308903441 0.055079825544783356
-0.00810719431970382 -0.004140232308903441 0.055079825544783356
0.00912481921165754 0.1580673021717798 0.0017917699031507392
0.009011667341834407 0.15826988898467667 0.001675096941469352
-0.00810719431970382 -0.004140232308903441 0.055079825544783356
-0.00810719431970382 -0.004140232308903441 0.055079825544783356
-0.008657734908449254 -0.0018047456207094558 -0.008441725590936595
-0.00810719431970382 -0.004140232308903441 0.055079825544783356
-0.00810719431970382 -0.004140232308903441 0.055079825544783356
-0.00810719431970382 -0.004140232308903441 0.055079825544783356
-0.00810719431970382 -0.004140232308903441 0.055079825544783356
-0.00810719431970382 -0.004140232308903441 0.055079825544783356
-0.00810719431970382 -0.004140232308903441 0.055079825544783356
-0.00810719431970382 -0.004140232308903441 0.055079825544783356
-0.00810719431970382 -0.004140232308903441 0.055079825544783356
0.009181447398328803 0.16257098116162588 -0.0002938170368789581
-0.00810719431970382 -0.004140232308903441 0.055079825544783356
-0.00810719431970382 -0.004140232308903441 0.055079825544783356
0.012346290930140127 0.1785432147251966 0.002783725934212257
-0.00810719431970382 -0.004140232308903441 0.055079825544783356
-0.00810719431970382 -0.004140232308903441 0.055079825544783356
-0.00810719431970382 -0.004140232308903441 0.055079825544783356
0.008990437273659361 0.15795906290569675 0.001923503458999488
0.008990437273659361 0.15795906290569675 0.001923503458999488
-0.00810719431970382 -0.004140232308903441 0.055079825544783356
-0.008108192785614468 -0.004179524075300138 0.055073851142229575
-0.008117351525876903 -0.004171601212494076 0.0551393736991261
-0.008114558516371485 -0.004180669828683141 0.055051087562205496
-0.00810719431970382 -0.004140232308903441 0.055079825544783356
-0.00810719431970382 -0.004140232308903441 0.055079825544783356
-0.008802305253715597 -0.0020461511069626483 -0.008259935080073482
-0.008577241880373185 0.003476559805339568 -0.01091620905488916
-0.00810719431970382 -0.004140232308903441 0.055079825544783356
0.008990437273659361 0.15795906290569675 0.001923503458999488
-0.007900459953807204 0.0007061183070138325 0.05277053939469321
-0.00810719431970382 -0.004140232308903441 0.055079825544783356
-0.007900696887628747 0.0008456252650740099 0.05268272230599585
-0.00810719431970382 -0.004140232308903441 0.055079825544783356
-0.00810719431970382 -0.004140232308903441 0.055079825544783356
-0.00810719431970382 -0.004140232308903441 0.055079825544783356
-0.008806109867589723 -0.0020494323391521073 -0.008259419631899672
0.009238234192149444 0.1639420919944697 -0.0009530204275455202
-0.00810719431970382 -0.004140232308903441 0.055079825544783356
-0.00810719431970382 -0.004140232308903441 0.055079825544783356
-0.008257485902743548 -0.0037633819544089613 0.05451466970833613
-0.00810719431970382 -0.004140232308903441 0.055079825544783356
-0.00810719431970382 -0.004140232308903441 0.055079825544783356
-0.004748669965822681 0.016404566468800886 0.055944503177671204
-0.00810719431970382 -0.004140232308903441 0.055079825544783356
-0.00810719431970382 -0.004140232308903441 0.055079825544783356
-0.008804743572868451 -0.0020313809206987297 -0.008264978940714636
0.00921414282507402 0.16336040861083898 -0.0006733583830203129
-0.00810719431970382 -0.004140232308903441 0.055079825544783356
-0.007917905006968335 0.00043013713390922266 0.05288248090922812
0.0091938059567636 0.1628693771830988 -0.0004372800337457848
0.009013275680332515 0.15829343641490248 0.0016562782658988875
0.009015895895061445 0.15794621078996746 0.0017202919897952517
-0.00809411316685943 -0.00415564298945623 0.055131569783742874
-0.00809411316685943 -0.00415564298945623 0.055131569783742874
-0.00810719431970382 -0.004140232308903441 0.055079825544783356
-0.00810719431970382 -0.004140232308903441 0.055079825544783356
-0.00810719431970382 -0.004140232308903441 0.055079825544783356
-0.008676489605350494 -0.0019677718069829203 -0.008389158425241796
0.009178224861226188 0.162478235745102 -0.0002461073848319771
0.008991803568380636 0.15797711432415015 0.001917944150184522
-0.00810719431970382 -0.004140232308903441 0.055079825544783356
-0.00810719431970382 -0.004140232308903441 0.055079825544783356
-0.00810719431970382 -0.004140232308903441 0.055079825544783356
-0.00810719431970382 -0.004140232308903441 0.055079825544783356
-0.008006784781854447 -0.0038379923292824704 0.05473329827134727
-0.00810719431970382 -0.004140232308903441 0.055079825544783356
-0.008744176834362509 -0.0017953792649199566 -0.008489182627000751
0.013534712776851839 0.1782298172578868 0.003001768276999877
-0.008806109867589723 -0.0020494323391521073 -0.008259419631899672
-0.008806109867589723 -0.0020494323391521073 -0.008259419631899672
-0.008256122951052896 -0.003584743189895955 0.0496734328936025
0.008990437273659361 0.15795906290569675 0.001923503458999488
-0.00810719431970382 -0.004140232308903441 0.055079825544783356
-0.00810719431970382 -0.004140232308903441 0.055079825544783356
-0.008101221346102411 -0.004141243223242021 0.055101056432403296
-0.00810719431970382 -0.004140232308903441 0.055079825544783356
-0.008784879799414683 -0.0017386062601721774 -0.008507826149429812
-0.008721484640280093 -0.0014631464311893436 -0.008754697031413131
-0.007988408935930454 -0.004155528509327075 0.055137669984033535
-0.00810719431970382 -0.004140232308903441 0.055079825544783356
0.008841508642310281 0.15851455202470424 -0.0034828891921813558
-0.008806109867589723 -0.0020494323391521073 -0.008259419631899672
0.008990437273659361 0.15795906290569675 0.001923503458999488
-0.008782949793216947 -0.0017103493439012748 -0.008530408560114363
-0.008806109867589723 -0.0020494323391521073 -0.008259419631899672
-0.008806109867589723 -0.0020494323391521073 -0.008259419631899672
-0.008806109867589723 -0.0020494323391521073 -0.008259419631899672
-0.008806109867589723 -0.0020494323391521073 -0.008259419631899672
-0.008806109867589723 -0.0020494323391521073 -0.008259419631899672
-0.00810719431970382 -0.004140232308903441 0.055079825544783356
-0.008806109867589723 -0.0020494323391521073 -0.008259419631899672
-0.008806109867589723 -0.0020494323391521073 -0.008259419631899672
-0.008806109867589723 -0.0020494323391521073 -0.008259419631899672
-0.008806109867589723 -0.0020494323391521073 -0.008259419631899672
-0.008806109867589723 -0.0020494323391521073 -0.008259419631899672
-0.008806109867589723 -0.0020494323391521073 -0.008259419631899672
-0.00810719431970382 -0.004140232308903441 0.055079825544783356
-0.00810719431970382 -0.004140232308903441 0.055079825544783356
-0.00810719431970382 -0.004140232308903441 0.055079825544783356
-0.008806109867589723 -0.0020494323391521073 -0.008259419631899672
-0.008806109867589723 -0.0020494323391521073 -0.008259419631899672
-0.008806109867589723 -0.0020494323391521073 -0.008259419631899672
-0.008806109867589723 -0.0020494323391521073 -0.008259419631899672
-0.008744176834362509 -0.0017953792649199566 -0.008489182627000751
-0.008806109867589723 -0.0020494323391521073 -0.008259419631899672
0.008990437273659361 0.15795906290569675 0.001923503458999488
-0.008806109867589723 -0.0020494323391521073 -0.008259419631899672
-0.008806109867589723 -0.0020494323391521073 -0.008259419631899672
-0.008806109867589723 -0.0020494323391521073 -0.008259419631899672
-0.008806109867589723 -0.0020494323391521073 -0.008259419631899672
-0.00810719431970382 -0.004140232308903441 0.055079825544783356
-0.00810719431970382 -0.004140232308903441 0.055079825544783356
-0.00793594313224183 -0.004177833629390778 0.055174821517874346
-0.00810719431970382 -0.004140232308903441 0.055079825544783356
-0.00810719431970382 -0.004140232308903441 0.055079825544783356
-0.00793594313224183 -0.004177833629390778 0.055174821517874346
-0.00810719431970382 -0.004140232308903441 0.055079825544783356
-0.0069624550609311405 -0.004396888074165213 0.05527255182694309
0.009013436514182325 0.158295791157925 0.0016543963983418413
-0.008634028674193835 0.00210544897249577 -0.010257005664222595
-0.008597243704276846 0.0026791801217150167 -0.010501290459523692
-0.008806109867589723 -0.0020494323391521073 -0.008259419631899672
-0.00810719431970382 -0.004140232308903441 0.055079825544783356
-0.008806109867589723 -0.0020494323391521073 -0.008259419631899672
-0.00810719431970382 -0.004140232308903441 0.055079825544783356
-0.00810719431970382 -0.004140232308903441 0.055079825544783356
-0.00810719431970382 -0.004140232308903441 0.055079825544783356
-0.008806109867589723 -0.0020494323391521073 -0.008259419631899672
-0.008806790320173062 -0.002047819137194217 -0.008259331620313693
-0.00810719431970382 -0.004140232308903441 0.055079825544783356
-0.008806109867589723 -0.0020494323391521073 -0.008259419631899672
-0.00810719431970382 -0.004140232308903441 0.055079825544783356
-0.008806109867589723 -0.0020494323391521073 -0.008259419631899672
-0.008806109867589723 -0.0020494323391521073 -0.008259419631899672
-0.00810719431970382 -0.004140232308903441 0.055079825544783356
-0.00810719431970382 -0.004140232308903441 0.055079825544783356
-0.008072653102581054 -0.004163831349844095 0.055167657364025895
-0.008806109867589723 -0.0020494323391521073 -0.008259419631899672
0.008990437273659361 0.15795906290569675 0.001923503458999488
-0.00810719431970382 -0.004140232308903441 0.055079825544783356
-0.008806790320173062 -0.002047819137194217 -0.008259331620313693
-0.008797311199709132 -0.002044155228580453 -0.008262518545546164
-0.00810719431970382 -0.004140232308903441 0.055079825544783356
-0.00810719431970382 -0.004140232308903441 0.055079825544783356
-0.00810719431970382 -0.004140232308903441 0.055079825544783356
-0.008803804348175504 -0.00204405504074052 -0.008262783112957882
-0.008806109867589723 -0.0020494323391521073 -0.008259419631899672
0.009034819903881223 0.16298025941533195 -0.005728881742034418
-0.008806109867589723 -0.0020494323391521073 -0.008259419631899672
-0.008806790320173062 -0.002047819137194217 -0.008259331620313693
-0.008930942829227375 -0.001685434100386988 -0.009027786937551128
0.009002536240695113 0.1579921534533216 0.0019214730205992492
0.012340162959659904 0.17849858457282944 0.0027912800055338465
-0.006695808935238095 -0.004455877375091032 0.05538360832354738
-0.006695808935238095 -0.004455877375091032 0.05538360832354738
-0.008806109867589723 -0.0020494323391521073 -0.008259419631899672
-0.008806109867589723 -0.0020494323391521073 -0.008259419631899672
-0.008806109867589723 -0.0020494323391521073 -0.008259419631899672
-0.008806109867589723 -0.0020494323391521073 -0.008259419631899672
-0.008616820554854243 0.0025209371036605584 -0.010456764267454885
-0.008616820554854243 0.0025209371036605584 -0.010456764267454885
-0.008806109867589723 -0.0020494323391521073 -0.008259419631899672
0.0091938059567636 0.1628693771830988 -0.0004372800337457848
-0.00810719431970382 -0.004140232308903441 0.055079825544783356
-0.00810719431970382 -0.004140232308903441 0.055079825544783356
-0.00810719431970382 -0.004140232308903441 0.055079825544783356
-0.00793594313224183 -0.004177833629390778 0.055174821517874346
-0.00810719431970382 -0.004140232308903441 0.055079825544783356
-0.00810719431970382 -0.004140232308903441 0.055079825544783356
0.008990437273659361 0.15795906290569675 0.001923503458999488
-0.008806109867589723 -0.0020494323391521073 -0.008259419631899672
-0.00810623279040544 -0.00412588722266199 0.05508581632331073
-0.00810719431970382 -0.004140232308903441 0.055079825544783356
-0.00810719431970382 -0.004140232308903441 0.055079825544783356
-0.00810719431970382 -0.004140232308903441 0.055079825544783356
-0.00678941233823686 -0.00022766167627588928 0.05328095657314756
-0.00810719431970382 -0.004140232308903441 0.055079825544783356
-0.00810719431970382 -0.004140232308903441 0.055079825544783356
-0.008806109867589723 -0.0020494323391521073 -0.008259419631899672
-0.008806109867589723 -0.0020494323391521073 -0.008259419631899672
0.008990437273659361 0.15795906290569675 0.001923503458999488
-0.008806109867589723 -0.0020494323391521073 -0.008259419631899672
0.012206201101080555 0.1788798767176393 0.0022166583135453323
0.012340162959659904 0.17849858457282944 0.0027912800055338465
0.009118691241177314 0.15802267201941256 0.0017993239744723292
-0.008806109867589723 -0.0020494323391521073 -0.008259419631899672
-0.00810719431970382 -0.004140232308903441 0.055079825544783356
-0.00810719431970382 -0.004140232308903441 0.055079825544783356
-0.00810719431970382 -0.004140232308903441 0.055079825544783356
-0.007934824850358227 -0.004168557600650455 0.05515677757859032
-0.008067971356584037 -0.004147081802464762 0.05495943618218234
-0.008078626076182458 -0.004162820435505514 0.055146426476406
-0.00810719431970382 -0.004140232308903441 0.055079825544783356
-0.008076664463160438 -0.004146077668423693 0.05496109287482921
-0.008078626076182458 -0.004162820435505514 0.055146426476406
-0.008147637776824083 -0.004167094358432687 0.05502154085885933
-0.00810719431970382 -0.004140232308903441 0.055079825544783356
0.00912474728712139 0.15806677834370036 0.001791858565959678
-0.008094667461323351 -0.0031272870676997537 0.05369708736700863
-0.008806109867589723 -0.0020494323391521073 -0.008259419631899672
-0.008806109867589723 -0.0020494323391521073 -0.008259419631899672
-0.007582531816890554 -0.002323764121305187 -0.008053420189811594
-0.008803804348175504 -0.00204405504074052 -0.008262783112957882
-0.006789009718692853 -0.004435775311326088 0.05530175277878545
-0.007574647937697904 -0.0023255317229943185 -0.008052092873818757
-0.008806109867589723 -0.0020494323391521073 -0.008259419631899672
