0.12560986012726366 -0.017116257379824716 -0.005212535915565765
0.12576015171030347 -0.017493107734319426 -0.004647380078730255
0.12576015171030347 -0.017493107734319426 -0.004647380078730255
0.12576015171030347 -0.017493107734319426 -0.004647380078730255
0.12588840567782145 -0.017429498620603605 -0.004771559563269425
0.12576015171030347 -0.017493107734319426 -0.004647380078730255
0.12576015171030347 -0.017493107734319426 -0.004647380078730255
0.12576612468390486 -0.017494118648658012 -0.004626149191087784
0.12614045116606917 -0.01759891435465735 -0.004710619366639089
0.12614849387693022 -0.017595655544078055 -0.004692365374698992
0.12614913210730808 -0.01759215095903082 -0.004689874748613009
0.12826942791822568 -0.018100863694742463 -0.00435557710120852
0.12576015171030347 -0.017493107734319426 -0.004647380078730255
0.12576015171030347 -0.017493107734319426 -0.004647380078730255
0.12576015171030347 -0.017493107734319426 -0.004647380078730255
0.12576015171030347 -0.017493107734319426 -0.004647380078730255
0.12588840567782145 -0.017429498620603605 -0.004771559563269425
0.12576015171030347 -0.017493107734319426 -0.004647380078730255
0.12576015171030347 -0.017493107734319426 -0.004647380078730255
0.1467574959062036 0.1636103982966701 0.0009969269081126777
0.12581486785402157 -0.017506412088134523 -0.0046278688081927795
0.12576015171030347 -0.017493107734319426 -0.004647380078730255
0.12576015171030347 -0.017493107734319426 -0.004647380078730255
0.12576015171030347 -0.017493107734319426 -0.004647380078730255
0.12585956525467346 -0.01757004477013519 -0.004650771629018961
0.12615006490555264 -0.017587028873192558 -0.004686234602795038
0.12718888162899303 -0.017812641524223134 -0.004340677204902681
0.12576015171030347 -0.017493107734319426 -0.004647380078730255
0.12704942875427472 -0.017782169530548644 -0.004430319670255986
0.12576015171030347 -0.017493107734319426 -0.004647380078730255
0.127626129073075 -0.019322675670812018 0.05357319470183795
0.12578009143173116 -0.017313661459365116 -0.004704982890655539
0.12576015171030347 -0.017493107734319426 -0.004647380078730255
0.12593223290369934 -0.013338226422671415 -0.0066449661114474454
0.12576015171030347 -0.017493107734319426 -0.004647380078730255
0.12576015171030347 -0.017493107734319426 -0.004647380078730255
0.12817964169559226 -0.01944778451605629 0.053699891017934306
0.12579430343828196 -0.01750696398408968 -0.004852248240666979
0.12576015171030347 -0.017493107734319426 -0.004647380078730255
0.12719107578376931 -0.0178139274408967 -0.004406472226275632
0.1260830283715906 -0.012911896359368104 -0.006755111885826568
0.12576015171030347 -0.017493107734319426 -0.004647380078730255
0.12586070477463837 -0.01756641883864163 -0.004647169511351054
0.1270002859073072 -0.017771151480019735 -0.004438593273269581
0.12576015171030347 -0.017493107734319426 -0.004647380078730255
0.12593140289776542 -0.017530709054806744 -0.004552384105544623
0.12806680959537584 -0.018002015134696542 -0.004201508324926801
0.12726966131237358 -0.017739182436539356 -0.004539013801561159
0.14340777022020304 0.14307087662953671 0.0001291503607742159
0.12588840567782145 -0.017429498620603605 -0.004771559563269425
0.1260813075596566 -0.012953445172484587 -0.006735136025499396
0.12631013862684037 -0.019028418585062875 0.05328547244668862
0.12587893709407683 -0.01750840393474467 -0.004589535628664568
0.12602489200783556 -0.011100982639476328 -0.0077205893598336186
0.12580135144145496 -0.017500863294258113 -0.004763148425459712
0.12576015171030347 -0.017493107734319426 -0.004647380078730255
0.12576015171030347 -0.017493107734319426 -0.004647380078730255
0.12576015171030347 -0.017493107734319426 -0.004647380078730255
0.12636681014371953 -0.0190421983922745 0.05330568098520141
0.12631013862684037 -0.019028418585062875 0.05328547244668862
0.12588840567782145 -0.017429498620603605 -0.004771559563269425
0.12576884481687983 -0.017494111868360498 -0.0046490367713429405
0.12576015171030347 -0.017493107734319426 -0.004647380078730255
0.14350123945699 0.14344633939466367 -0.00011872880219846715
0.12701763044153103 -0.01777504020373582 -0.004435673178088313
0.12765250206131284 -0.019318046567641245 0.05354931633863286
0.1269837297610026 -0.017767439516472555 -0.004441380636851699
0.12636681014371953 -0.0190421983922745 0.05330568098520141
0.12576015171030347 -0.017493107734319426 -0.004647380078730255
0.1471844069015983 0.16394671184842144 0.0006818717481486633
0.1471555097177873 0.16356095842955035 0.0009896841766776456
0.1262155231346124 -0.017556494234404075 -0.0046341696162225535
0.1258220847435306 -0.017239054660087287 -0.004877143073926215
0.12576015171030347 -0.017493107734319426 -0.004647380078730255
0.12576015171030347 -0.017493107734319426 -0.004647380078730255
0.12576015171030347 -0.017493107734319426 -0.004647380078730255
0.12576015171030347 -0.017493107734319426 -0.004647380078730255
0.12576015171030347 -0.017493107734319426 -0.004647380078730255
0.12576015171030347 -0.017493107734319426 -0.004647380078730255
0.1273193297512872 -0.01775031832718088 -0.004530651710814801
0.12574282176509122 -0.017525723755828854 -0.004606212770092165
0.1467574959062036 0.1636103982966701 0.0009969269081126777
0.12588840567782145 -0.017429498620603605 -0.004771559563269425
0.12576015171030347 -0.017493107734319426 -0.004647380078730255
0.1275726555366935 -0.01789947936265065 -0.004342230132287732
0.1257197082531832 -0.01751996978384797 -0.00470566475792294
0.12576015171030347 -0.017493107734319426 -0.004647380078730255
0.12767057008839663 -0.01515144907874951 0.05141362426530021
0.12708494082441868 -0.017782087709497 -0.004362756736240156
0.12631013862684037 -0.019028418585062875 0.05328547244668862
0.1259420157617571 -0.01333147315690072 -0.006651405900238893
0.1270002859073072 -0.017771151480019735 -0.004438593273269581
0.12576015171030347 -0.017493107734319426 -0.004647380078730255
0.14341374319380445 0.1430698657151981 0.00015038124841668685
0.12690489096907612 -0.01774976349958125 -0.004454653796766556
0.12576015171030347 -0.017493107734319426 -0.004647380078730255
0.12576015171030347 -0.017493107734319426 -0.004647380078730255
0.14357091618830864 0.1471766937505235 -0.0019033044371467001
0.12588840567782145 -0.017429498620603605 -0.004771559563269425
0.12631013862684037 -0.019028418585062875 0.05328547244668862
0.12576015171030347 -0.017493107734319426 -0.004647380078730255
0.12576015171030347 -0.017493107734319426 -0.004647380078730255
0.12576015171030347 -0.017493107734319426 -0.004647380078730255
0.12576015171030347 -0.017493107734319426 -0.004647380078730255
0.12588763020065322 -0.017509408068785738 -0.004591192321277254
0.12576015171030347 -0.017493107734319426 -0.004647380078730255
0.12576015171030347 -0.017493107734319426 -0.004647380078730255
0.1257813817784785 -0.017182281655339124 -0.004895786597397998
0.12576015171030347 -0.017493107734319426 -0.004647380078730255
0.12576015171030347 -0.017493107734319426 -0.004647380078730255
0.1257764814347638 -0.0174886659440041 -0.0046568459343300575
0.12577673266129402 -0.017488597608768478 -0.004656991562877749
0.12576015171030347 -0.017493107734319426 -0.004647380078730255
0.12578024983271627 -0.0174876409154698 -0.0046590303625454
0.12576015171030347 -0.017493107734319426 -0.004647380078730255
0.12576015171030347 -0.017493107734319426 -0.004647380078730255
0.12655717797813162 -0.018980105671772295 0.053219137412215116
0.12576015171030347 -0.017493107734319426 -0.004647380078730255
0.1273623269712313 -0.017851528761384024 -0.00431147625309
0.12591386429922352 -0.017442350736332796 -0.0049747710325934655
0.1270331449365941 -0.017686154385865425 -0.004578833281305726
0.12576015171030347 -0.017493107734319426 -0.004647380078730255
0.12594402166262986 -0.017443021772810357 -0.004751727417725765
0.1258133927479527 -0.017506053412765205 -0.004628394817367143
0.12706256855292913 -0.017785115533363868 -0.004428107476936844
0.12576015171030347 -0.017493107734319426 -0.004647380078730255
0.12576015171030347 -0.017493107734319426 -0.004647380078730255
0.1260797549876962 -0.01746163312224129 -0.0046882138738989386
0.12576015171030347 -0.017493107734319426 -0.004647380078730255
0.12576015171030347 -0.017493107734319426 -0.004647380078730255
0.12580631992320387 -0.01751481525370281 -0.004647568571902696
0.12576015171030347 -0.017493107734319426 -0.004647380078730255
0.12576015171030347 -0.017493107734319426 -0.004647380078730255
0.12576111323960187 -0.017478762648077975 -0.004641389300202458
0.1270761421565381 -0.017787364820068558 -0.004359657823580924
0.12576884481687983 -0.017494111868360498 -0.0046490367713429405
0.1272338197403911 -0.01782271685385119 -0.004333111503751212
0.12576015171030347 -0.017493107734319426 -0.004647380078730255
0.12576015171030347 -0.017493107734319426 -0.004647380078730255
0.12576015171030347 -0.017493107734319426 -0.004647380078730255
0.12576015171030347 -0.017493107734319426 -0.004647380078730255
0.12576015171030347 -0.017493107734319426 -0.004647380078730255
0.12576015171030347 -0.017493107734319426 -0.004647380078730255
0.12576015171030347 -0.017493107734319426 -0.004647380078730255
0.12584796222070116 -0.017456360670132145 -0.004829844242462111
0.12709568084553824 -0.01779253946045822 -0.004422532749772607
0.12593140289776542 -0.017530709054806744 -0.004552384105544623
0.12576015171030347 -0.017493107734319426 -0.004647380078730255
0.12577323286314787 -0.01750851841487215 -0.004595635839576174
0.12576015171030347 -0.017493107734319426 -0.004647380078730255
0.12593140289776542 -0.017530709054806744 -0.004552384105544623
0.12742303284101467 -0.01786513929439033 -0.004301255919955562
0.12648138981430235 -0.01906601990555019 0.05338046841987427
0.12724958749877638 -0.01782625205722944 -0.0043304568717682426
0.12574402153052897 -0.017523465723570514 -0.00460906281453634
0.12573900741744076 -0.017556290923768484 -0.0046378356362941344
0.12576015171030347 -0.017493107734319426 -0.004647380078730255
0.12692396995672237 -0.017754041095668943 -0.00445144169206716
0.12576895037818403 -0.017487830623747865 -0.004650478991389487
0.1260168865493286 -0.013025701978528271 -0.007211193768546345
0.12593140289776542 -0.017530709054806744 -0.004552384105544623
0.12576015171030347 -0.017493107734319426 -0.004647380078730255
0.12715448849770003 -0.017818202230807906 -0.004363090077867912
0.12561122307895442 -0.016937618615311893 -0.010053772730168503
0.12576015171030347 -0.017493107734319426 -0.004647380078730255
0.12576015171030347 -0.017493107734319426 -0.004647380078730255
0.12631013862684037 -0.019028418585062875 0.05328547244668862
0.12576964574907565 -0.017423962427835078 -0.004659083569602574
0.1269837297610026 -0.017767439516472555 -0.004441380636851699
0.12648138981430235 -0.01906601990555019 0.05338046841987427
0.12576015171030347 -0.017493107734319426 -0.004647380078730255
0.12576015171030347 -0.017493107734319426 -0.004647380078730255
0.1257814667972153 -0.017506062565160393 -0.004610394759381031
0.12576015171030347 -0.017493107734319426 -0.004647380078730255
0.12631013862684037 -0.019028418585062875 0.05328547244668862
0.12631013862684037 -0.019028418585062875 0.05328547244668862
0.12576015171030347 -0.017493107734319426 -0.004647380078730255
0.12806905800248816 -0.017912699516578808 -0.004305029111024392
0.12576015171030347 -0.017493107734319426 -0.004647380078730255
0.12576015171030347 -0.017493107734319426 -0.004647380078730255
0.1259257524106317 -0.01337381144007404 -0.006670255545551246
0.12576015171030347 -0.017493107734319426 -0.004647380078730255
0.1270002859073072 -0.017771151480019735 -0.004438593273269581
0.12655717797813162 -0.018980105671772295 0.053219137412215116
0.12580180110666922 -0.017531106541474637 -0.004529034908459737
0.12699161364019526 -0.017769207118161687 -0.004440053320860214
0.12631013862684037 -0.019028418585062875 0.05328547244668862
0.12716286482765723 -0.017806808438649 -0.004345057347674585
0.12576015171030347 -0.017493107734319426 -0.004647380078730255
0.12575382414082498 -0.017497400659975945 -0.004650071630625372
0.1258348675479323 -0.01751127505883935 -0.004620737102410117
0.12712169764687395 -0.01779837254603235 -0.004418152607000702
0.12576015171030347 -0.017493107734319426 -0.004647380078730255
0.14340777022020304 0.14307087662953671 0.0001291503607742159
0.12576015171030347 -0.017493107734319426 -0.004647380078730255
0.12593140289776542 -0.017530709054806744 -0.004552384105544623
0.12576015171030347 -0.017493107734319426 -0.004647380078730255
0.12595789153353767 -0.01747755797127602 -0.004706718698247731
0.1271668659662577 -0.01781564366598436 -0.004618045786346029
0.12576015171030347 -0.017493107734319426 -0.004647380078730255
0.1272669320330002 -0.017830140780945528 -0.004327536776586974
0.12594092601027573 -0.01333923055671249 -0.00664662280406013
0.12600719106159475 -0.017444794821028852 -0.004713715113203739
0.1257814667972153 -0.017506062565160393 -0.004610394759381031
0.1272239348130562 -0.017728930346742396 -0.004546712234311776
0.12576015171030347 -0.017493107734319426 -0.004647380078730255
0.12576015171030347 -0.017493107734319426 -0.004647380078730255
0.1270002859073072 -0.017771151480019735 -0.004438593273269581
0.12576015171030347 -0.017493107734319426 -0.004647380078730255
0.12576015171030347 -0.017493107734319426 -0.004647380078730255
0.12576015171030347 -0.017493107734319426 -0.004647380078730255
0.12648138981430235 -0.01906601990555019 0.05338046841987427
0.1273623269712313 -0.017851528761384024 -0.00431147625309
0.12591386429922352 -0.017442350736332796 -0.0049747710325934655
0.12577225067733924 -0.01746001718669464 -0.004649410517237884
0.12609476267747444 -0.010863121706494035 -0.007963515640197661
0.12609794952203518 -0.012220373174465386 -0.007131917852122805
0.12648138981430235 -0.01906601990555019 0.05338046841987427
0.12576015171030347 -0.017493107734319426 -0.004647380078730255
0.12576015171030347 -0.017493107734319426 -0.004647380078730255
0.12576015171030347 -0.017493107734319426 -0.004647380078730255
0.1270002859073072 -0.017771151480019735 -0.004438593273269581
0.12576015171030347 -0.017493107734319426 -0.004647380078730255
0.12576015171030347 -0.017493107734319426 -0.004647380078730255
0.12576015171030347 -0.017493107734319426 -0.004647380078730255
0.12576015171030347 -0.017493107734319426 -0.004647380078730255
0.12717153709476917 -0.017808752800507043 -0.004343597300083949
0.12576015171030347 -0.017493107734319426 -0.004647380078730255
0.12576015171030347 -0.017493107734319426 -0.004647380078730255
0.12579526104532834 -0.01749982989776752 -0.004783922648987608
0.12576015171030347 -0.017493107734319426 -0.004647380078730255
0.12576015171030347 -0.017493107734319426 -0.004647380078730255
0.12576015171030347 -0.017493107734319426 -0.004647380078730255
0.12576015171030347 -0.017493107734319426 -0.004647380078730255
0.12593140289776542 -0.017530709054806744 -0.004552384105544623
0.143602318665234 0.147554697428031 -0.0021313180949619837
0.1270761421565381 -0.017787364820068558 -0.004359657823580924
0.12595066887584547 -0.01744463805770354 -0.004749357083002644
0.12576015171030347 -0.017493107734319426 -0.004647380078730255
0.12620572904359645 -0.01755749498388407 -0.004766710586897241
0.1270002859073072 -0.017771151480019735 -0.004438593273269581
0.12576015171030347 -0.017493107734319426 -0.004647380078730255
0.12576015171030347 -0.017493107734319426 -0.004647380078730255
0.14353602418772096 0.1431344857432525 4.970876235043855e-06
0.12615816552188722 -0.01754254760143928 -0.004654622810165287
0.12576015171030347 -0.017493107734319426 -0.004647380078730255
0.14361542158122356 0.14788282412946904 -0.0022833076933371473
0.12728647072200036 -0.017835315421335186 -0.004390411702778655
0.12576015171030347 -0.017493107734319426 -0.004647380078730255
0.12576015171030347 -0.017493107734319426 -0.004647380078730255
0.12576015171030347 -0.017493107734319426 -0.004647380078730255
0.12611444830950477 -0.013287738154442216 -0.006749903446422069
0.12702885415082857 -0.017793739606622224 -0.004371992342153142
0.12593140289776542 -0.017530709054806744 -0.004552384105544623
0.12576015171030347 -0.017493107734319426 -0.004647380078730255
0.12576015171030347 -0.017493107734319426 -0.004647380078730255
0.12576015171030347 -0.017493107734319426 -0.004647380078730255
0.12576612468390486 -0.017494118648658012 -0.004626149191087784
0.12576015171030347 -0.017493107734319426 -0.004647380078730255
0.12576015171030347 -0.017493107734319426 -0.004647380078730255
0.12576015171030347 -0.017493107734319426 -0.004647380078730255
0.12576015171030347 -0.017493107734319426 -0.004647380078730255
0.1269837297610026 -0.017767439516472555 -0.004441380636851699
0.1261836241432893 -0.017555399717168466 -0.004857834279489327
0.1272626219874426 -0.017829968426225567 -0.0043944268336529
0.12577750917965996 -0.017488386390767472 -0.004657441687479698
0.1257763672408865 -0.017488697005474833 -0.0046567797395356565
0.12617552299124374 -0.017537826257887332 -0.004664684418914731
0.12577750917965996 -0.017488386390767472 -0.004657441687479698
0.12617552299124374 -0.017537826257887332 -0.004664684418914731
0.1270956937806709 -0.017783929393190175 -0.004435514453703318
0.1257763672408865 -0.017488697005474833 -0.0046567797395356565
0.1257763672408865 -0.017488697005474833 -0.0046567797395356565
0.14347027854630012 0.14333148855935152 -0.00010554030098238417
0.12576015171030347 -0.017493107734319426 -0.004647380078730255
0.12576015171030347 -0.017493107734319426 -0.004647380078730255
0.12655717797813162 -0.018980105671772295 0.053219137412215116
0.12576015171030347 -0.017493107734319426 -0.004647380078730255
0.12702413464186496 -0.017776498475129358 -0.004434578142395337
0.12655717797813162 -0.018980105671772295 0.053219137412215116
0.12655717797813162 -0.018980105671772295 0.053219137412215116
0.12576015171030347 -0.017493107734319426 -0.004647380078730255
0.12579057854426418 -0.01687750050601781 -0.005384454460696041
0.12576015171030347 -0.017493107734319426 -0.004647380078730255
0.12615816552188722 -0.01754254760143928 -0.004654622810165287
0.12576015171030347 -0.017493107734319426 -0.004647380078730255
0.12717641198397425 -0.01784152561294314 -0.00437163834973571
0.1273623269712313 -0.017851528761384024 -0.00431147625309
0.1273419732315166 -0.01784775933722668 -0.004381067398198598
0.12576015171030347 -0.017493107734319426 -0.004647380078730255
0.12733631016989555 -0.017845695675809882 -0.004315856395861901
0.12733631016989555 -0.017845695675809882 -0.004315856395861901
0.12742303284101467 -0.01786513929439033 -0.004301255919955562
0.1273916984006125 -0.01785320676165096 -0.004379295212640231
0.14340777022020304 0.14307087662953671 0.0001291503607742159
0.12699681091384699 -0.017782850197025284 -0.004389636397697622
0.12576015171030347 -0.017493107734319426 -0.004647380078730255
0.12576015171030347 -0.017493107734319426 -0.004647380078730255
0.14343322884160511 0.14305802451380753 -7.406110854982373e-05
0.12578561033170552 -0.017505959850048613 -0.004850591548054293
0.12576015171030347 -0.017493107734319426 -0.004647380078730255
0.12755027282384407 -0.019306462330763177 0.05349425925214929
0.12704942875427472 -0.017782169530548644 -0.004430319670255986
0.12576015171030347 -0.017493107734319426 -0.004647380078730255
0.12561122307895442 -0.016937618615311893 -0.010053772730168503
0.12576015171030347 -0.017493107734319426 -0.004647380078730255
0.1270002859073072 -0.017771151480019735 -0.004438593273269581
0.1270002859073072 -0.017771151480019735 -0.004438593273269581
0.12716286482765723 -0.017806808438649 -0.004345057347674585
0.12593140289776542 -0.017530709054806744 -0.004552384105544623
0.12576015171030347 -0.017493107734319426 -0.004647380078730255
0.12699161364019526 -0.017769207118161687 -0.004440053320860214
0.12576015171030347 -0.017493107734319426 -0.004647380078730255
0.12576015171030347 -0.017493107734319426 -0.004647380078730255
0.12576015171030347 -0.017493107734319426 -0.004647380078730255
0.12576895037818403 -0.017487830623747865 -0.004650478991389487
0.12605965686528336 -0.01746709994109092 -0.004676563590083793
0.12576015171030347 -0.017493107734319426 -0.004647380078730255
0.1258250563773346 -0.017508889450569054 -0.004624235675058216
0.12631013862684037 -0.019028418585062875 0.05328547244668862
0.12578625611528885 -0.017246868263745822 -0.0046414959875127
0.12576015171030347 -0.017493107734319426 -0.004647380078730255
0.12575268932434674 -0.017534084421025484 -0.004676501245274027
0.12579068156684686 -0.017498953093839517 -0.004766112748519259
0.1277128517441941 -0.019342119289392456 0.05358779517774431
0.12576015171030347 -0.017493107734319426 -0.004647380078730255
0.12576015171030347 -0.017493107734319426 -0.004647380078730255
0.12576015171030347 -0.017493107734319426 -0.004647380078730255
0.12578364400002198 -0.017504816090036335 -0.004600870698426407
0.12576015171030347 -0.017493107734319426 -0.004647380078730255
0.12578871995382485 -0.01751569586092191 -0.004580779147613815
0.12601588416817117 -0.01744579895506992 -0.004715371805816426
0.12576015171030347 -0.017493107734319426 -0.004647380078730255
0.12576015171030347 -0.017493107734319426 -0.004647380078730255
0.12734534655262303 -0.01775615141275502 -0.0045262715680428976
0.1270002859073072 -0.017771151480019735 -0.004438593273269581
0.12578364400002198 -0.017504816090036335 -0.004600870698426407
0.12576015171030347 -0.017493107734319426 -0.004647380078730255
0.12576015171030347 -0.017493107734319426 -0.004647380078730255
0.12631013862684037 -0.019028418585062875 0.05328547244668862
0.12701336706015157 -0.01778656216057246 -0.004386849034115503
0.12576015171030347 -0.017493107734319426 -0.004647380078730255
0.12576015171030347 -0.017493107734319426 -0.004647380078730255
0.12576015171030347 -0.017493107734319426 -0.004647380078730255
0.12561583310086508 -0.017117268294163303 -0.005191305027923293
0.12576015171030347 -0.017493107734319426 -0.004647380078730255
0.12576015171030347 -0.017493107734319426 -0.004647380078730255
0.12631013862684037 -0.019028418585062875 0.05328547244668862
0.12631013862684037 -0.019028418585062875 0.05328547244668862
0.12576612468390486 -0.017494118648658012 -0.004626149191087784
0.12615816552188722 -0.01754254760143928 -0.004654622810165287
0.1270002859073072 -0.017771151480019735 -0.004438593273269581
0.12561122307895442 -0.016937618615311893 -0.010053772730168503
0.12576015171030347 -0.017493107734319426 -0.004647380078730255
0.12578734223952306 -0.017248408268472643 -0.004725929367719278
0.12576015171030347 -0.017493107734319426 -0.004647380078730255
0.12724001347743627 -0.01780880740139558 -0.004365892638771286
0.12561122307895442 -0.016937618615311893 -0.010053772730168503
0.1270002859073072 -0.017771151480019735 -0.004438593273269581
0.12577596534595903 -0.017442252888497236 -0.004657814389497181
0.12621483703876638 -0.01755632740865091 -0.004634414271652493
0.12587893709407683 -0.01750840393474467 -0.004589535628664568
0.12576015171030347 -0.017493107734319426 -0.004647380078730255
0.12615816552188722 -0.01754254760143928 -0.004654622810165287
0.12563762426808 -0.01712373219714232 -0.005419110865914548
0.1257814667972153 -0.017506062565160393 -0.004610394759381031
0.12588840567782145 -0.017429498620603605 -0.004771559563269425
0.12717153709476917 -0.017808752800507043 -0.004343597300083949
0.12718250131311265 -0.01772066321179052 -0.004543530608244208
0.1270002859073072 -0.017771151480019735 -0.004438593273269581
0.1257842606462115 -0.017276140874601945 -0.00471702711496719
0.12576015171030347 -0.017493107734319426 -0.004647380078730255
0.12593140289776542 -0.017530709054806744 -0.004552384105544623
0.14357985141359886 0.14722575794118475 -0.0018684356719429734
0.12576015171030347 -0.017493107734319426 -0.004647380078730255
0.12593140289776542 -0.017530709054806744 -0.004552384105544623
0.1270961640672986 -0.01780030728406408 -0.004311403490327
0.1257531802707913 -0.01753138858637376 -0.0046745853790540436
0.12588745529697382 -0.017505374759879004 -0.004593818694996573
0.12576015171030347 -0.017493107734319426 -0.004647380078730255
0.12576015171030347 -0.017493107734319426 -0.004647380078730255
0.1271549809484646 -0.01780504083695987 -0.004346384663666068
0.12576624044921852 -0.01744876330635922 -0.00465488578857895
0.12576015171030347 -0.017493107734319426 -0.004647380078730255
0.12588840567782145 -0.017429498620603605 -0.004771559563269425
0.12576015171030347 -0.017493107734319426 -0.004647380078730255
0.12576015171030347 -0.017493107734319426 -0.004647380078730255
0.12581339578011513 -0.017503302041322454 -0.004854449854842276
0.12576015171030347 -0.017493107734319426 -0.004647380078730255
0.12576015171030347 -0.017493107734319426 -0.004647380078730255
0.12576015171030347 -0.017493107734319426 -0.004647380078730255
0.12576015171030347 -0.017493107734319426 -0.004647380078730255
0.1434383000767464 0.1430650312700166 1.0417690985211859e-05
0.1434383000767464 0.1430650312700166 1.0417690985211859e-05
0.12593140289776542 -0.017530709054806744 -0.004552384105544623
0.12615816552188722 -0.01754254760143928 -0.004654622810165287
0.12576015171030347 -0.017493107734319426 -0.004647380078730255
0.1261836241432893 -0.017555399717168466 -0.004857834279489327
0.14340777022020304 0.14307087662953671 0.0001291503607742159
0.1267081524384241 -0.019077858452182725 0.05327822971525361
0.12576015171030347 -0.017493107734319426 -0.004647380078730255
0.12576245722971768 -0.017487730435907844 -0.004650743559754999
0.12576015171030347 -0.017493107734319426 -0.004647380078730255
0.12576015171030347 -0.017493107734319426 -0.004647380078730255
0.12590989987056406 -0.017441917523511232 -0.00472404551308523
0.1257639563241776 -0.017489826502129966 -0.004647895526894508
0.12576015171030347 -0.017493107734319426 -0.004647380078730255
0.12593140289776542 -0.017530709054806744 -0.004552384105544623
0.12631187811080724 -0.017491790603452646 -0.004982013764028496
0.12589723936971461 -0.01742635725407625 -0.004776001261687802
0.12593140289776542 -0.017530709054806744 -0.004552384105544623
0.1258137357958757 -0.0175061368256418 -0.004628272489652176
0.1435885445201753 0.14722475380714364 -0.001870092364555659
0.1257814667972153 -0.017506062565160393 -0.004610394759381031
0.12576015171030347 -0.017493107734319426 -0.004647380078730255
0.12576015171030347 -0.017493107734319426 -0.004647380078730255
0.1257814667972153 -0.017506062565160393 -0.004610394759381031
0.12576015171030347 -0.017493107734319426 -0.004647380078730255
0.12576015171030347 -0.017493107734319426 -0.004647380078730255
0.12576015171030347 -0.017493107734319426 -0.004647380078730255
0.12631013862684037 -0.019028418585062875 0.05328547244668862
0.1257814667972153 -0.017506062565160393 -0.004610394759381031
0.1257285069210638 -0.017514692673276412 -0.004708763670582174
0.14676327049456026 0.1636220929577985 0.0009867246948649898
0.1269837297610026 -0.017767439516472555 -0.004441380636851699
0.1273779237206351 -0.01785581960092911 -0.0043750148372774245
0.12582154872239182 -0.017462575069154065 -0.004743279215683347
0.12576612468390486 -0.017494118648658012 -0.004626149191087784
0.12576015171030347 -0.017493107734319426 -0.004647380078730255
0.12732115979044803 -0.01784309286876736 -0.004384571512416119
0.12576015171030347 -0.017493107734319426 -0.004647380078730255
0.12709568084553824 -0.01779253946045822 -0.004422532749772607
0.12576015171030347 -0.017493107734319426 -0.004647380078730255
0.12576015171030347 -0.017493107734319426 -0.004647380078730255
0.12579158330530696 -0.017506970764387196 -0.004829360660411822
0.12576015171030347 -0.017493107734319426 -0.004647380078730255
0.12561122307895442 -0.016937618615311893 -0.010053772730168503
0.12576015171030347 -0.017493107734319426 -0.004647380078730255
0.12576015171030347 -0.017493107734319426 -0.004647380078730255
0.1270002859073072 -0.017771151480019735 -0.004438593273269581
0.1257813817784785 -0.017182281655339124 -0.004895786597397998
0.1270761421565381 -0.017787364820068558 -0.004359657823580924
0.1257813817784785 -0.017182281655339124 -0.004895786597397998
0.14353602418772096 0.1431344857432525 4.970876235043855e-06
0.1258848390720854 -0.017152360164562792 -0.005064382207460551
0.12576015171030347 -0.017493107734319426 -0.004647380078730255
0.12576015171030347 -0.017493107734319426 -0.004647380078730255
0.12595617131063627 -0.017168078629329727 -0.004842191710656991
0.14673682124237244 0.16422949652939348 -0.004533645227864743
0.12593140289776542 -0.017530709054806744 -0.004552384105544623
0.12649575020708345 -0.018978756104311847 0.05318174615609218
0.12576015171030347 -0.017493107734319426 -0.004647380078730255
0.12576015171030347 -0.017493107734319426 -0.004647380078730255
0.12561122307895442 -0.016937618615311893 -0.010053772730168503
0.12576015171030347 -0.017493107734319426 -0.004647380078730255
0.12576015171030347 -0.017493107734319426 -0.004647380078730255
0.12584575160560305 -0.01714914145134047 -0.004894611763762016
0.12768568084057647 -0.01933790822045037 0.053527852874407734
0.12593140289776542 -0.017530709054806744 -0.004552384105544623
0.1257540633038182 -0.017497238400366894 -0.004649969898102337
0.12593140289776542 -0.017530709054806744 -0.004552384105544623
0.12576015171030347 -0.017493107734319426 -0.004647380078730255
0.12633559724824242 -0.019041270700792073 0.053082260977364584
0.12699161364019526 -0.017769207118161687 -0.004440053320860214
0.12576015171030347 -0.017493107734319426 -0.004647380078730255
0.12576015171030347 -0.017493107734319426 -0.004647380078730255
0.12631013862684037 -0.019028418585062875 0.05328547244668862
0.12648138981430235 -0.01906601990555019 0.05338046841987427
0.12648138981430235 -0.01906601990555019 0.05338046841987427
0.12593140289776542 -0.017530709054806744 -0.004552384105544623
0.12649575020708345 -0.018978756104311847 0.05318174615609218
0.12576015171030347 -0.017493107734319426 -0.004647380078730255
0.1271414073448556 -0.017802791550255177 -0.004414834317021989
0.12593140289776542 -0.017530709054806744 -0.004552384105544623
0.12576015171030347 -0.017493107734319426 -0.004647380078730255
0.12576015171030347 -0.017493107734319426 -0.004647380078730255
0.1272338197403911 -0.01782271685385119 -0.004333111503751212
0.1269837297610026 -0.017767439516472555 -0.004441380636851699
0.12580188846989576 -0.017157062060282183 -0.005332266743146131
0.1270761421565381 -0.017787364820068558 -0.004359657823580924
0.12578561033170552 -0.017505959850048613 -0.004850591548054293
0.12576612468390486 -0.017494118648658012 -0.004626149191087784
0.12969817975504871 0.0016068035716672356 0.05412791010373236
0.1439577571367399 0.14153556577879328 0.05806200288619309
0.14695765155972818 0.16393747431374708 0.000808922633713312
0.12633137930797758 -0.01867321126285614 0.05282139137315638
0.1270002859073072 -0.017771151480019735 -0.004438593273269581
0.12717290338949042 -0.01779070138205368 -0.00434915660889358
0.12791231388776814 -0.01938683961212747 0.05362137627232887
0.12781828524425837 -0.019347400213235607 0.05359975644002225
0.12576015171030347 -0.017493107734319426 -0.004647380078730255
0.12690489096907612 -0.01774976349958125 -0.004454653796766556
0.12690489096907612 -0.01774976349958125 -0.004454653796766556
0.1272107786820833 -0.017824044180149694 -0.004404777822111815
0.12780094071003456 -0.019343511489519523 0.053596836344841005
0.12576015171030347 -0.017493107734319426 -0.004647380078730255
0.12576015171030347 -0.017493107734319426 -0.004647380078730255
0.12576015171030347 -0.017493107734319426 -0.004647380078730255
0.12576245722971768 -0.017487730435907844 -0.004650743559754999
0.12602687756006706 -0.01105304170126501 -0.007743638429441894
0.12578561033170552 -0.017505959850048613 -0.004850591548054293
0.12576612468390486 -0.017494118648658012 -0.004626149191087784
0.12576015171030347 -0.017493107734319426 -0.004647380078730255
0.12578950560804075 -0.017384496367959214 -0.004691729036376593
0.12716286482765723 -0.017806808438649 -0.004345057347674585
0.12716286482765723 -0.017806808438649 -0.004345057347674585
0.12716286482765723 -0.017806808438649 -0.004345057347674585
0.12588840567782145 -0.017429498620603605 -0.004771559563269425
0.12588840567782145 -0.017429498620603605 -0.004771559563269425
0.12576015171030347 -0.017493107734319426 -0.004647380078730255
0.12724958749877638 -0.01782625205722944 -0.0043304568717682426
0.12576015171030347 -0.017493107734319426 -0.004647380078730255
0.12576015171030347 -0.017493107734319426 -0.004647380078730255
0.12576015171030347 -0.017493107734319426 -0.004647380078730255
0.12576015171030347 -0.017493107734319426 -0.004647380078730255
0.12577937780674378 -0.01748787811215542 -0.0046585248750244945
0.14375707557466233 0.14718714570635874 -0.0017522088111148694
0.12618673376540862 -0.01756513572804177 -0.004588021879048848
0.1273548095780255 -0.01784066371755057 -0.004326579952555386
0.12631013862684037 -0.019028418585062875 0.05328547244668862
0.12576015171030347 -0.017493107734319426 -0.004647380078730255
0.1467574959062036 0.1636103982966701 0.0009969269081126777
0.1467574959062036 0.1636103982966701 0.0009969269081126777
0.1467574959062036 0.1636103982966701 0.0009969269081126777
0.1467574959062036 0.1636103982966701 0.0009969269081126777
0.12578561033170552 -0.017505959850048613 -0.004850591548054293
0.12576015171030347 -0.017493107734319426 -0.004647380078730255
0.1259494410230389 -0.012922738291506615 -0.0068447247147191605
0.1467574959062036 0.1636103982966701 0.0009969269081126777
0.12716286482765723 -0.017806808438649 -0.004345057347674585
0.14676327049456026 0.1636220929577985 0.0009867246948649898
0.12690489096907612 -0.01774976349958125 -0.004454653796766556
0.12724958749877638 -0.01782625205722944 -0.0043304568717682426
0.12631013862684037 -0.019028418585062875 0.05328547244668862
0.12561122307895442 -0.016937618615311893 -0.010053772730168503
0.12615816552188722 -0.01754254760143928 -0.004654622810165287
0.1467574959062036 0.1636103982966701 0.0009969269081126777
0.1467574959062036 0.1636103982966701 0.0009969269081126777
0.1467574959062036 0.1636103982966701 0.0009969269081126777
0.1467574959062036 0.1636103982966701 0.0009969269081126777
0.1467574959062036 0.1636103982966701 0.0009969269081126777
0.12592222305658668 -0.017323485453761302 -0.00481618225296174
0.12562733479692165 -0.01693323612416798 -0.010063112213888083
0.1270761421565381 -0.017787364820068558 -0.004359657823580924
0.12576015171030347 -0.017493107734319426 -0.004647380078730255
0.12563016238908098 -0.016933548445325786 -0.005271186051344236
0.12631013862684037 -0.019028418585062875 0.05328547244668862
0.12576015171030347 -0.017493107734319426 -0.004647380078730255
0.12593140289776542 -0.017530709054806744 -0.004552384105544623
0.12576015171030347 -0.017493107734319426 -0.004647380078730255
0.12716286482765723 -0.017806808438649 -0.004345057347674585
0.12576015171030347 -0.017493107734319426 -0.004647380078730255
0.12561122307895442 -0.016937618615311893 -0.010053772730168503
0.1259476152882609 -0.017525103192636712 -0.004565045620127875
0.12631013862684037 -0.019028418585062875 0.05328547244668862
0.12690489096907612 -0.01774976349958125 -0.004454653796766556
0.12600794862879353 -0.01151007864554629 -0.0075239039658429995
0.12706256855292913 -0.017785115533363868 -0.004428107476936844
0.1269837297610026 -0.017767439516472555 -0.004441380636851699
0.12631013862684037 -0.019028418585062875 0.05328547244668862
0.12576015171030347 -0.017493107734319426 -0.004647380078730255
0.12576015171030347 -0.017493107734319426 -0.004647380078730255
0.12624866679863572 -0.017311082653809633 -0.004817784874244809
0.1273126585323176 -0.01784039287074249 -0.004319838343836358
0.12615816552188722 -0.01754254760143928 -0.004654622810165287
0.12582174245986483 -0.012056423093518787 -0.012499523884825151
0.12699161364019526 -0.017769207118161687 -0.004440053320860214
0.12753371667753954 -0.01930275036721601 0.05349147188856719
0.12576015171030347 -0.017493107734319426 -0.004647380078730255
0.1269837297610026 -0.017767439516472555 -0.004441380636851699
0.12576015171030347 -0.017493107734319426 -0.004647380078730255
0.1273126585323176 -0.01784039287074249 -0.004319838343836358
0.1269837297610026 -0.017767439516472555 -0.004441380636851699
0.1271549809484646 -0.01780504083695987 -0.004346384663666068
0.12716286482765723 -0.017806808438649 -0.004345057347674585
0.12593140289776542 -0.017530709054806744 -0.004552384105544623
0.12716286482765723 -0.017806808438649 -0.004345057347674585
0.12588498745746954 -0.017264206914020405 -0.004929790260763034
0.12716286482765723 -0.017806808438649 -0.004345057347674585
0.12716286482765723 -0.017806808438649 -0.004345057347674585
0.12690489096907612 -0.01774976349958125 -0.004454653796766556
0.1467574959062036 0.1636103982966701 0.0009969269081126777
0.12576015171030347 -0.017493107734319426 -0.004647380078730255
0.1273126585323176 -0.01784039287074249 -0.004319838343836358
0.12593140289776542 -0.017530709054806744 -0.004552384105544623
0.14359705953293844 0.14764124607234955 -0.0020681942752146898
0.12717153709476917 -0.017808752800507043 -0.004343597300083949
0.1270002859073072 -0.017771151480019735 -0.004438593273269581
0.12648138981430235 -0.01906601990555019 0.05338046841987427
0.1260983447337643 -0.012360543420393034 -0.007208614523184391
0.12754160055673217 -0.019304517968905137 0.05349279920455866
0.12576015171030347 -0.017493107734319426 -0.004647380078730255
0.12576015171030347 -0.017493107734319426 -0.004647380078730255
0.12576015171030347 -0.017493107734319426 -0.004647380078730255
0.12576015171030347 -0.017493107734319426 -0.004647380078730255
0.12576015171030347 -0.017493107734319426 -0.004647380078730255
0.12576015171030347 -0.017493107734319426 -0.004647380078730255
0.12576015171030347 -0.017493107734319426 -0.004647380078730255
0.12576015171030347 -0.017493107734319426 -0.004647380078730255
0.12576015171030347 -0.017493107734319426 -0.004647380078730255
0.1270002859073072 -0.017771151480019735 -0.004438593273269581
0.1270002859073072 -0.017771151480019735 -0.004438593273269581
0.12587893709407683 -0.01750840393474467 -0.004589535628664568
0.12576015171030347 -0.017493107734319426 -0.004647380078730255
0.12594850767393057 -0.01744411255658106 -0.004750127747606945
0.1294503715566664 0.00803276738143943 -0.006369510030914785
0.12577323286314787 -0.01750851841487215 -0.004595635839576174
0.12582719430143535 -0.01752163926035876 -0.004576393690011631
0.12690489096907612 -0.01774976349958125 -0.004454653796766556
0.12733631016989555 -0.017845695675809882 -0.004315856395861901
0.12576015171030347 -0.017493107734319426 -0.004647380078730255
0.12576015171030347 -0.017493107734319426 -0.004647380078730255
0.12561122307895442 -0.016937618615311893 -0.010053772730168503
0.12576015171030347 -0.017493107734319426 -0.004647380078730255
0.14342284381201262 0.14307497674367392 0.00012041264791285709
0.12576015171030347 -0.017493107734319426 -0.004647380078730255
0.12576015171030347 -0.017493107734319426 -0.004647380078730255
0.12576015171030347 -0.017493107734319426 -0.004647380078730255
0.12576015171030347 -0.017493107734319426 -0.004647380078730255
0.12576015171030347 -0.017493107734319426 -0.004647380078730255
0.1269837297610026 -0.017767439516472555 -0.004441380636851699
0.12615816552188722 -0.01754254760143928 -0.004654622810165287
0.12576015171030347 -0.017493107734319426 -0.004647380078730255
0.12588840567782145 -0.017429498620603605 -0.004771559563269425
0.1258212828501816 -0.017507971908926633 -0.00462558127992287
0.12690489096907612 -0.01774976349958125 -0.004454653796766556
0.12699114853254928 -0.01776480131254915 -0.004445110894397869
0.1467574959062036 0.1636103982966701 0.0009969269081126777
0.1259074151211438 -0.017189167658685705 -0.004771911846755014
0.12576015171030347 -0.017493107734319426 -0.004647380078730255
0.12747559711737227 -0.017878144488791377 -0.004280285981843202
0.127783806656928 -0.019358027704594636 0.05359974102166767
0.12577522530211305 -0.0174890076201822 -0.004656117791591614
0.12576015171030347 -0.017493107734319426 -0.004647380078730255
0.14367882279573652 0.14329356027474874 -0.00015910204281069013
0.14367882279573652 0.14329356027474874 -0.00015910204281069013
0.12576015171030347 -0.017493107734319426 -0.004647380078730255
0.12576015171030347 -0.017493107734319426 -0.004647380078730255
0.12576015171030347 -0.017493107734319426 -0.004647380078730255
0.12716286482765723 -0.017806808438649 -0.004345057347674585
0.12576015171030347 -0.017493107734319426 -0.004647380078730255
0.12576015171030347 -0.017493107734319426 -0.004647380078730255
0.14340777022020304 0.14307087662953671 0.0001291503607742159
0.12576015171030347 -0.017493107734319426 -0.004647380078730255
0.12579770929874126 -0.01747286930242383 -0.004852621986561925
0.12576015171030347 -0.017493107734319426 -0.004647380078730255
0.12593140289776542 -0.017530709054806744 -0.004552384105544623
0.12690489096907612 -0.01774976349958125 -0.004454653796766556
0.12690489096907612 -0.01774976349958125 -0.004454653796766556
0.1270002859073072 -0.017771151480019735 -0.004438593273269581
0.12576015171030347 -0.017493107734319426 -0.004647380078730255
0.12614056896213324 -0.017575665407895014 -0.004612822158317382
0.12561122307895442 -0.016937618615311893 -0.010053772730168503
0.12648138981430235 -0.01906601990555019 0.05338046841987427
0.12561122307895442 -0.016937618615311893 -0.010053772730168503
0.12707833631131438 -0.017788650736742125 -0.004425452844953875
0.12733631016989555 -0.017845695675809882 -0.004315856395861901
0.12592080302127737 -0.017542388132239756 -0.004578812497239335
0.12576015171030347 -0.017493107734319426 -0.004647380078730255
0.12576015171030347 -0.017493107734319426 -0.004647380078730255
0.12576015171030347 -0.017493107734319426 -0.004647380078730255
0.12576015171030347 -0.017493107734319426 -0.004647380078730255
0.12576015171030347 -0.017493107734319426 -0.004647380078730255
0.12576015171030347 -0.017493107734319426 -0.004647380078730255
0.12576015171030347 -0.017493107734319426 -0.004647380078730255
0.12577773756741464 -0.017488324267826 -0.004657574077068506
0.12576015171030347 -0.017493107734319426 -0.004647380078730255
0.12576015171030347 -0.017493107734319426 -0.004647380078730255
0.12576015171030347 -0.017493107734319426 -0.004647380078730255
0.12576015171030347 -0.017493107734319426 -0.004647380078730255
0.12576015171030347 -0.017493107734319426 -0.004647380078730255
0.1274703361161706 -0.017875744904525113 -0.004293292024006646
0.1273126585323176 -0.01784039287074249 -0.004319838343836358
0.1269837297610026 -0.017767439516472555 -0.004441380636851699
0.1269837297610026 -0.017767439516472555 -0.004441380636851699
0.12576015171030347 -0.017493107734319426 -0.004647380078730255
0.12576015171030347 -0.017493107734319426 -0.004647380078730255
0.12576015171030347 -0.017493107734319426 -0.004647380078730255
0.12576015171030347 -0.017493107734319426 -0.004647380078730255
0.14325884158885388 0.1436263657485442 -0.005277242290664033
0.1273126585323176 -0.01784039287074249 -0.004319838343836358
0.125819065512385 -0.017143719439880974 -0.005050118001674888
0.12576015171030347 -0.017493107734319426 -0.004647380078730255
0.12576015171030347 -0.017493107734319426 -0.004647380078730255
0.12576015171030347 -0.017493107734319426 -0.004647380078730255
0.12593140289776542 -0.017530709054806744 -0.004552384105544623
0.12628641948940517 -0.017478938487723455 -0.004778802294704459
0.12716286482765723 -0.017806808438649 -0.004345057347674585
0.12576015171030347 -0.017493107734319426 -0.004647380078730255
0.12743295574726743 -0.017520020055534057 -0.004575755902545828
0.12576015171030347 -0.017493107734319426 -0.004647380078730255
0.12576015171030347 -0.017493107734319426 -0.004647380078730255
0.12576015171030347 -0.017493107734319426 -0.004647380078730255
0.12576015171030347 -0.017493107734319426 -0.004647380078730255
0.12576015171030347 -0.017493107734319426 -0.004647380078730255
0.12615816552188722 -0.01754254760143928 -0.004654622810165287
0.12695470152749533 -0.017761875049261196 -0.004436891812553129
0.12591255999781117 -0.017075859032121894 -0.005054181855858347
0.12576015171030347 -0.017493107734319426 -0.004647380078730255
0.12578871995382485 -0.01751569586092191 -0.004580779147613815
0.12576015171030347 -0.017493107734319426 -0.004647380078730255
0.12576015171030347 -0.017493107734319426 -0.004647380078730255
0.12576015171030347 -0.017493107734319426 -0.004647380078730255
0.12576015171030347 -0.017493107734319426 -0.004647380078730255
0.12588840567782145 -0.017429498620603605 -0.004771559563269425
0.12576015171030347 -0.017493107734319426 -0.004647380078730255
0.12576015171030347 -0.017493107734319426 -0.004647380078730255
0.12576015171030347 -0.017493107734319426 -0.004647380078730255
0.12581826402845925 -0.0175072378756127 -0.004626657763814592
0.12581826402845925 -0.0175072378756127 -0.004626657763814592
0.12730763670075654 -0.017841283574130343 -0.004374702097546252
0.12576015171030347 -0.017493107734319426 -0.004647380078730255
0.12576015171030347 -0.017493107734319426 -0.004647380078730255
0.12576015171030347 -0.017493107734319426 -0.004647380078730255
0.12581826402845925 -0.0175072378756127 -0.004626657763814592
0.12576015171030347 -0.017493107734319426 -0.004647380078730255
0.12588840567782145 -0.017429498620603605 -0.004771559563269425
0.12576015171030347 -0.017493107734319426 -0.004647380078730255
0.12587893709407683 -0.01750840393474467 -0.004589535628664568
0.12576015171030347 -0.017493107734319426 -0.004647380078730255
0.12576015171030347 -0.017493107734319426 -0.004647380078730255
0.14340777022020304 0.14307087662953671 0.0001291503607742159
0.12588840567782145 -0.017429498620603605 -0.004771559563269425
0.12576015171030347 -0.017493107734319426 -0.004647380078730255
0.12561122307895442 -0.016937618615311893 -0.010053772730168503
0.12576015171030347 -0.017493107734319426 -0.004647380078730255
0.12576015171030347 -0.017493107734319426 -0.004647380078730255
0.12576015171030347 -0.017493107734319426 -0.004647380078730255
0.12576015171030347 -0.017493107734319426 -0.004647380078730255
0.12763127417527578 -0.017820705423627944 -0.004399633320694192
0.12618673376540862 -0.01756513572804177 -0.004588021879048848
0.12576015171030347 -0.017493107734319426 -0.004647380078730255
0.12576015171030347 -0.017493107734319426 -0.004647380078730255
0.1271414073448556 -0.017802791550255177 -0.004414834317021989
0.12706256855292913 -0.017785115533363868 -0.004428107476936844
0.1269837297610026 -0.017767439516472555 -0.004441380636851699
0.12576015171030347 -0.017493107734319426 -0.004647380078730255
0.12562837292307932 -0.01693295374716128 -0.0100637139847463
0.12576015171030347 -0.017493107734319426 -0.004647380078730255
0.12576015171030347 -0.017493107734319426 -0.004647380078730255
0.12562837292307932 -0.01693295374716128 -0.0100637139847463
0.1272015093409648 -0.017817405486232635 -0.004393402501359507
0.12576015171030347 -0.017493107734319426 -0.004647380078730255
0.12576015171030347 -0.017493107734319426 -0.004647380078730255
0.12562880893606554 -0.016932835148818465 -0.010063966728506755
0.12615816552188722 -0.01754254760143928 -0.004654622810165287
0.12716286482765723 -0.017806808438649 -0.004345057347674585
0.12576015171030347 -0.017493107734319426 -0.004647380078730255
0.1467574959062036 0.1636103982966701 0.0009969269081126777
0.12576015171030347 -0.017493107734319426 -0.004647380078730255
0.1257813817784785 -0.017182281655339124 -0.004895786597397998
0.12576015171030347 -0.017493107734319426 -0.004647380078730255
0.12576015171030347 -0.017493107734319426 -0.004647380078730255
0.12631013862684037 -0.019028418585062875 0.05328547244668862
0.12716286482765723 -0.017806808438649 -0.004345057347674585
0.12623975384413041 -0.01748324648024388 -0.004734713545085843
0.12576015171030347 -0.017493107734319426 -0.004647380078730255
0.12576015171030347 -0.017493107734319426 -0.004647380078730255
0.12576015171030347 -0.017493107734319426 -0.004647380078730255
0.12615816552188722 -0.01754254760143928 -0.004654622810165287
0.12576015171030347 -0.017493107734319426 -0.004647380078730255
0.12576015171030347 -0.017493107734319426 -0.004647380078730255
0.12574402153052897 -0.017523465723570514 -0.00460906281453634
0.1467574959062036 0.1636103982966701 0.0009969269081126777
0.12576015171030347 -0.017493107734319426 -0.004647380078730255
0.12576015171030347 -0.017493107734319426 -0.004647380078730255
0.12578330427235027 -0.012782737303663883 -0.01205135876288569
0.12576015171030347 -0.017493107734319426 -0.004647380078730255
0.12732029472473813 -0.01783270168665788 -0.004335558051293822
0.127783806656928 -0.019358027704594636 0.05359974102166767
0.12589725849025984 -0.017426350454581598 -0.004776010875753642
0.12578017362106395 -0.017506050198314943 -0.004599125745476331
0.12579421588559003 -0.01749996048760458 -0.004868926295229827
0.12576015171030347 -0.017493107734319426 -0.004647380078730255
0.12593140289776542 -0.017530709054806744 -0.004552384105544623
0.12584288220592302 -0.017520353414613696 -0.004578120107100797
0.12615816552188722 -0.01754254760143928 -0.004654622810165287
0.12576015171030347 -0.017493107734319426 -0.004647380078730255
0.12576015171030347 -0.017493107734319426 -0.004647380078730255
0.12576015171030347 -0.017493107734319426 -0.004647380078730255
0.12576015171030347 -0.017493107734319426 -0.004647380078730255
0.12631611160044176 -0.01902942949940147 0.05330670333433108
0.1471738638803266 0.16357225097049732 0.0009772427720455474
0.12615816552188722 -0.01754254760143928 -0.004654622810165287
0.12575268932434674 -0.017534084421025484 -0.004676501245274027
0.14343322884160511 0.14305802451380753 -7.406110854982373e-05
0.12575938431128936 -0.01748604229307577 -0.004653935415407308
0.12576015171030347 -0.017493107734319426 -0.004647380078730255
0.12578561033170552 -0.017505959850048613 -0.004850591548054293
0.12577225067733924 -0.01746001718669464 -0.004649410517237884
0.12576015171030347 -0.017493107734319426 -0.004647380078730255
0.12576015171030347 -0.017493107734319426 -0.004647380078730255
0.12577323286314787 -0.01750851841487215 -0.004595635839576174
0.12576015171030347 -0.017493107734319426 -0.004647380078730255
0.12576015171030347 -0.017493107734319426 -0.004647380078730255
0.12576015171030347 -0.017493107734319426 -0.004647380078730255
0.12588840567782145 -0.017429498620603605 -0.004771559563269425
0.12576015171030347 -0.017493107734319426 -0.004647380078730255
0.12576015171030347 -0.017493107734319426 -0.004647380078730255
0.12576015171030347 -0.017493107734319426 -0.004647380078730255
0.12951275774610826 0.0030081098655393244 -0.003792771694750417
0.1263294167093492 -0.017580148921926594 -0.0045596268369796555
0.12631013862684037 -0.019028418585062875 0.05328547244668862
0.12576015171030347 -0.017493107734319426 -0.004647380078730255
0.12576015171030347 -0.017493107734319426 -0.004647380078730255
0.12576015171030347 -0.017493107734319426 -0.004647380078730255
0.12615816552188722 -0.01754254760143928 -0.004654622810165287
0.12754160055673217 -0.019304517968905137 0.05349279920455866
0.1270761421565381 -0.017787364820068558 -0.004359657823580924
0.1259154060252618 -0.01756081615158468 -0.004514383512955618
0.12576015171030347 -0.017493107734319426 -0.004647380078730255
0.12576015171030347 -0.017493107734319426 -0.004647380078730255
0.12574548791050844 -0.017520705906365865 -0.004612546202190333
0.12576015171030347 -0.017493107734319426 -0.004647380078730255
0.1261590796447865 -0.01864450278932451 0.052713761273176084
0.12576015171030347 -0.017493107734319426 -0.004647380078730255
0.1277128517441941 -0.019342119289392456 0.05358779517774431
0.12631013862684037 -0.019028418585062875 0.05328547244668862
0.12576015171030347 -0.017493107734319426 -0.004647380078730255
0.12576015171030347 -0.017493107734319426 -0.004647380078730255
0.12576015171030347 -0.017493107734319426 -0.004647380078730255
0.12576015171030347 -0.017493107734319426 -0.004647380078730255
0.1273818656602314 -0.017856703401773675 -0.00437435117928168
0.12576015171030347 -0.017493107734319426 -0.004647380078730255
0.1270002859073072 -0.017771151480019735 -0.004438593273269581
0.12576015171030347 -0.017493107734319426 -0.004647380078730255
0.12729912114642308 -0.01781877189036073 -0.0042888517626774965
0.12576015171030347 -0.017493107734319426 -0.004647380078730255
0.12576015171030347 -0.017493107734319426 -0.004647380078730255
0.12717153709476917 -0.017808752800507043 -0.004343597300083949
0.12631013862684037 -0.019028418585062875 0.05328547244668862
0.12593140289776542 -0.017530709054806744 -0.004552384105544623
0.14340777022020304 0.14307087662953671 0.0001291503607742159
0.12577225067733924 -0.01746001718669464 -0.004649410517237884
0.12576015171030347 -0.017493107734319426 -0.004647380078730255
0.12580141007969947 -0.01661995642736393 -0.010407715209903634
0.1270002859073072 -0.017771151480019735 -0.004438593273269581
0.12585901999744442 -0.010954589526538758 -0.012930296617281244
0.12578524179087397 -0.017125767822797257 -0.004940951418973953
0.12576612468390486 -0.017494118648658012 -0.004626149191087784
0.12576015171030347 -0.017493107734319426 -0.004647380078730255
0.12576015171030347 -0.017493107734319426 -0.004647380078730255
0.12560986012726366 -0.017116257379824716 -0.005212535915565765
0.12576015171030347 -0.017493107734319426 -0.004647380078730255
0.12576015171030347 -0.017493107734319426 -0.004647380078730255
0.12576015171030347 -0.017493107734319426 -0.004647380078730255
0.12576015171030347 -0.017493107734319426 -0.004647380078730255
0.12633559724824242 -0.019041270700792073 0.053082260977364584
0.12576015171030347 -0.017493107734319426 -0.004647380078730255
0.12576015171030347 -0.017493107734319426 -0.004647380078730255
0.12576015171030347 -0.017493107734319426 -0.004647380078730255
0.12648138981430235 -0.01906601990555019 0.05338046841987427
0.12690489096907612 -0.01774976349958125 -0.004454653796766556
0.12588840567782145 -0.017429498620603605 -0.004771559563269425
0.12587893709407683 -0.01750840393474467 -0.004589535628664568
0.12707833631131438 -0.017788650736742125 -0.004425452844953875
0.1257300084627277 -0.016952914815737134 -0.009995928280102819
0.12578561033170552 -0.017505959850048613 -0.004850591548054293
0.12578561033170552 -0.017505959850048613 -0.004850591548054293
0.12699161364019526 -0.017769207118161687 -0.004440053320860214
0.12690489096907612 -0.01774976349958125 -0.004454653796766556
0.12577323286314787 -0.01750851841487215 -0.004595635839576174
0.12576015171030347 -0.017493107734319426 -0.004647380078730255
0.12593140289776542 -0.017530709054806744 -0.004552384105544623
0.14346251761918555 0.1436094338789493 -0.00019376351508823783
0.12576973091253427 -0.017478131841001675 -0.004658097740142197
0.12950789120788775 0.002996974065694168 -0.0037868462628268236
0.12593140289776542 -0.017530709054806744 -0.004552384105544623
0.12576015171030347 -0.017493107734319426 -0.004647380078730255
0.12576015171030347 -0.017493107734319426 -0.004647380078730255
0.1258220847435306 -0.017239054660087287 -0.004877143073926215
0.1271549809484646 -0.01780504083695987 -0.004346384663666068
0.12720372620819206 -0.01779738390992224 -0.004304912286174471
0.12567315611218152 -0.016683565541079755 -0.01028353572536447
0.12576015171030347 -0.017493107734319426 -0.004647380078730255
0.12716286482765723 -0.017806808438649 -0.004345057347674585
0.12576015171030347 -0.017493107734319426 -0.004647380078730255
0.12593140289776542 -0.017530709054806744 -0.004552384105544623
0.12576015171030347 -0.017493107734319426 -0.004647380078730255
0.12786606285209043 -0.01367552205351321 -0.006346115936430186
0.12690489096907612 -0.01774976349958125 -0.004454653796766556
0.1271549809484646 -0.01780504083695987 -0.004346384663666068
0.1270761421565381 -0.017787364820068558 -0.004359657823580924
0.12561991618553078 -0.016938622749352962 -0.01005542942278119
0.1258220847435306 -0.017239054660087287 -0.004877143073926215
0.1269837297610026 -0.017767439516472555 -0.004441380636851699
0.1257814667972153 -0.017506062565160393 -0.004610394759381031
0.1467737114367866 0.16361480902551476 0.0009875272473072775
0.12576015171030347 -0.017493107734319426 -0.004647380078730255
0.1258220847435306 -0.017239054660087287 -0.004877143073926215
0.12561122307895442 -0.016937618615311893 -0.010053772730168503
0.12690489096907612 -0.01774976349958125 -0.004454653796766556
0.12690489096907612 -0.01774976349958125 -0.004454653796766556
0.12576015171030347 -0.017493107734319426 -0.004647380078730255
0.12690489096907612 -0.01774976349958125 -0.004454653796766556
0.12754160055673217 -0.019304517968905137 0.05349279920455866
0.12593140289776542 -0.017530709054806744 -0.004552384105544623
0.12576015171030347 -0.017493107734319426 -0.004647380078730255
0.12726829832772152 -0.017812089362492158 -0.004333096085396605
0.1270628446514644 -0.01779691157366163 -0.0043303832558506325
0.1270089581744191 -0.017773095841877775 -0.004437133225678947
0.12690489096907612 -0.01774976349958125 -0.004454653796766556
0.12690489096907612 -0.01774976349958125 -0.004454653796766556
0.12576015171030347 -0.017493107734319426 -0.004647380078730255
0.12616425426080227 -0.017498203173479072 -0.004662128520013982
0.12576015171030347 -0.017493107734319426 -0.004647380078730255
0.12588840567782145 -0.017429498620603605 -0.004771559563269425
0.1470115603523078 0.16843910586292865 -0.0014331306059634868
0.12690489096907612 -0.01774976349958125 -0.004454653796766556
0.12616429349236746 -0.017497917449072108 -0.004662176881546514
0.12576015171030347 -0.017493107734319426 -0.004647380078730255
0.12648138981430235 -0.01906601990555019 0.05338046841987427
0.12593140289776542 -0.017530709054806744 -0.004552384105544623
0.12716286482765723 -0.017806808438649 -0.004345057347674585
0.12690489096907612 -0.01774976349958125 -0.004454653796766556
0.1261638619451505 -0.017501060417548668 -0.004661644904688681
0.12587189530194984 -0.017251166209767226 -0.004859381089712792
0.12690489096907612 -0.01774976349958125 -0.004454653796766556
0.12690489096907612 -0.01774976349958125 -0.004454653796766556
0.12690489096907612 -0.01774976349958125 -0.004454653796766556
0.12588840567782145 -0.017429498620603605 -0.004771559563269425
0.12576015171030347 -0.017493107734319426 -0.004647380078730255
0.12576015171030347 -0.017493107734319426 -0.004647380078730255
0.12576015171030347 -0.017493107734319426 -0.004647380078730255
0.12579001890961794 -0.017189602253113584 -0.004639369617193199
0.12576015171030347 -0.017493107734319426 -0.004647380078730255
0.14503540410253288 0.1426996034867429 0.00026184271709043107
0.12648138981430235 -0.01906601990555019 0.05338046841987427
0.12593140289776542 -0.017530709054806744 -0.004552384105544623
0.12724958749877638 -0.01782625205722944 -0.0043304568717682426
0.12593140289776542 -0.017530709054806744 -0.004552384105544623
0.1270761421565381 -0.017787364820068558 -0.004359657823580924
0.12576015171030347 -0.017493107734319426 -0.004647380078730255
0.12575256799910742 -0.017524745839332043 -0.004610371168383626
0.12690489096907612 -0.01774976349958125 -0.004454653796766556
0.12690489096907612 -0.01774976349958125 -0.004454653796766556
0.12631611160044176 -0.01902942949940147 0.05330670333433108
0.12586989176824986 -0.01753849657656895 -0.004582021624736075
0.1257842606462115 -0.017276140874601945 -0.00471702711496719
0.12706256855292913 -0.017785115533363868 -0.004428107476936844
0.12716286482765723 -0.017806808438649 -0.004345057347674585
0.12578871995382485 -0.01751569586092191 -0.004580779147613815
0.12762832322785134 -0.01932396158748558 0.053507399680464994
0.12615816552188722 -0.01754254760143928 -0.004654622810165287
0.12615816552188722 -0.01754254760143928 -0.004654622810165287
0.12580996226872268 -0.01750521928399938 -0.004629618094516829
0.12707833631131438 -0.017788650736742125 -0.004425452844953875
0.12576015171030347 -0.017493107734319426 -0.004647380078730255
0.12576245722971768 -0.017487730435907844 -0.004650743559754999
0.12699161364019526 -0.017769207118161687 -0.004440053320860214
0.12690489096907612 -0.01774976349958125 -0.004454653796766556
0.14370244141124638 0.14721374297294895 -0.0018111066700415386
0.12576015171030347 -0.017493107734319426 -0.004647380078730255
0.12576015171030347 -0.017493107734319426 -0.004647380078730255
0.12576015171030347 -0.017493107734319426 -0.004647380078730255
