-0.008107194319703744 -0.004140232308903191 0.05507982554497811
0.00899043727365895 0.15795906290569642 0.001923503459063701
-0.008112838566344392 -0.004144061635676718 0.05507742465743452
-0.006580875308006851 -0.004482439995918955 0.0553367939209297
0.009022836652977111 0.15794867900652443 0.0017168020838395077
-0.008107194319703744 -0.004140232308903191 0.05507982554497811
-0.008107194319703744 -0.004140232308903191 0.05507982554497811
0.012357230903328372 0.17869556515100976 0.002797152031416875
-0.006867060122700019 -0.004418276054603501 0.05528861235043878
-0.008107194319703744 -0.004140232308903191 0.05507982554497811
-0.008107194319703744 -0.004140232308903191 0.05507982554497811
-0.008094113166859363 -0.004155642989455919 0.05513156978413216
-0.008107194319703744 -0.004140232308903191 0.05507982554497811
-0.008107194319703744 -0.004140232308903191 0.05507982554497811
0.012340162959659508 0.17849858457282988 0.002791280006402164
0.01219732306722548 0.17909841811979754 -0.002622618354884783
0.00899043727365895 0.15795906290569642 0.001923503459063701
-0.008107194319703744 -0.004140232308903191 0.05507982554497811
-0.005602350813608542 -0.004721406799654253 0.05529725876370053
-0.0068497155884761915 -0.004422164778319589 0.05529153244562009
0.009013589835705726 0.16266943333635195 -0.005480475225091733
0.008841508642309872 0.15851455202470388 -0.0034828891923745493
0.00899043727365895 0.15795906290569642 0.001923503459063701
-0.008107194319703744 -0.004140232308903191 0.05507982554497811
-0.008123191192207396 -0.004170339405681129 0.05511782613756713
-0.008107194319703744 -0.004140232308903191 0.05507982554497811
-0.008123080102815008 -0.00417013032862017 0.055117562244563045
-0.008107194319703744 -0.004140232308903191 0.05507982554497811
-0.008107194319703744 -0.004140232308903191 0.05507982554497811
0.00899043727365895 0.15795906290569642 0.001923503459063701
-0.008107194319703744 -0.004140232308903191 0.05507982554497811
-0.008107194319703744 -0.004140232308903191 0.05507982554497811
0.009013509795339849 0.1583051493974327 0.001635836475045135
-0.008107194319703744 -0.004140232308903191 0.05507982554497811
-0.00810747222384229 -0.004146227777650301 0.05505628953624607
-0.008107194319703744 -0.004140232308903191 0.05507982554497811
-0.008107194319703744 -0.004140232308903191 0.05507982554497811
-0.008107194319703744 -0.004140232308903191 0.05507982554497811
-0.008107194319703744 -0.004140232308903191 0.05507982554497811
-0.008107194319703744 -0.004140232308903191 0.05507982554497811
-0.008107194319703744 -0.004140232308903191 0.05507982554497811
-0.008107194319703744 -0.004140232308903191 0.05507982554497811
-0.008107194319703744 -0.004140232308903191 0.05507982554497811
-0.008107194319703744 -0.004140232308903191 0.05507982554497811
-0.006338051828873254 -0.0045368821279441925 0.05537767525346747
-0.008109759152463002 -0.0041347399333248516 0.055112628983010385
0.012340162959659508 0.17849858457282988 0.002791280006402164
0.012549117966084562 0.18334200844633525 0.0003636887247702153
-0.008107194319703744 -0.004140232308903191 0.05507982554497811
-0.008094113166859363 -0.004155642989455919 0.05513156978413216
0.00899043727365895 0.15795906290569642 0.001923503459063701
-0.008107194319703744 -0.004140232308903191 0.05507982554497811
-0.008107194319703744 -0.004140232308903191 0.05507982554497811
-0.008107194319703744 -0.004140232308903191 0.05507982554497811
-0.008107194319703744 -0.004140232308903191 0.05507982554497811
-0.008107194319703744 -0.004140232308903191 0.05507982554497811
-0.007709180508120017 -0.004189672176023048 0.055072582813543054
-0.008078626076182377 -0.0041628204355056795 0.05514642647609453
0.009166286998310067 0.16244221052409044 -0.00024736505197674906
-0.008094113166859363 -0.004155642989455919 0.05513156978413216
-0.008107194319703744 -0.004140232308903191 0.05507982554497811
-0.008107194319703744 -0.004140232308903191 0.05507982554497811
-0.008107194319703744 -0.004140232308903191 0.05507982554497811
0.00899043727365895 0.15795906290569642 0.001923503459063701
0.009015895895061014 0.15794621078996718 0.001720291989739662
0.01235637849024254 0.17850299530167443 0.002781880345596762
0.009214142825073554 0.1633604086108388 -0.0006733583834686416
-0.008107194319703744 -0.004140232308903191 0.05507982554497811
-0.008107194319703744 -0.004140232308903191 0.05507982554497811
-0.008107194319703744 -0.004140232308903191 0.05507982554497811
-0.008107194319703744 -0.004140232308903191 0.05507982554497811
-0.0068757323898119335 -0.004416331692745457 0.055287152302848135
0.008841508642309872 0.15851455202470388 -0.0034828891923745493
-0.008123191192207396 -0.004170339405681129 0.05511782613756713
-0.008107194319703744 -0.004140232308903191 0.05507982554497811
-0.008107194319703744 -0.004140232308903191 0.05507982554497811
-0.007935943132241757 -0.0041778336293905064 0.05517482151816373
-0.008107194319703744 -0.004140232308903191 0.05507982554497811
-0.008107194319703744 -0.004140232308903191 0.05507982554497811
-0.008107194319703744 -0.004140232308903191 0.05507982554497811
-0.008107194319703744 -0.004140232308903191 0.05507982554497811
-0.008107194319703744 -0.004140232308903191 0.05507982554497811
-0.008107194319703744 -0.004140232308903191 0.05507982554497811
-0.008107194319703744 -0.004140232308903191 0.05507982554497811
-0.008107194319703744 -0.004140232308903191 0.05507982554497811
-0.008257485902743538 -0.0037633819544084816 0.054514669708142574
-0.008107194319703744 -0.004140232308903191 0.05507982554497811
-0.006895745313916353 -0.004411844703842278 0.055283782962254384
-0.008107194319703744 -0.004140232308903191 0.05507982554497811
0.00899043727365895 0.15795906290569642 0.001923503459063701
-0.008081735698301682 -0.004153084424632378 0.054876614075654064
-0.008107194319703744 -0.004140232308903191 0.05507982554497811
-0.008123471137476206 -0.004170866279874744 0.055118491147937404
-0.008107194319703744 -0.004140232308903191 0.05507982554497811
-0.008107194319703744 -0.004140232308903191 0.05507982554497811
0.00919548134387045 0.16270805765848256 -0.00045868814000649225
0.008997687266903155 0.1580118647761026 0.00191456624785211
-0.008107874772287079 -0.004138619106945304 0.05507991355656795
0.012356106784481541 0.17875291440652694 0.002806209878929136
-0.008107194319703744 -0.004140232308903191 0.05507982554497811
-0.008107194319703744 -0.004140232308903191 0.05507982554497811
-0.008107194319703744 -0.004140232308903191 0.05507982554497811
-0.008107194319703744 -0.004140232308903191 0.05507982554497811
0.010135176532431619 0.15770240714043454 0.0021162297410274003
-0.008107194319703744 -0.004140232308903191 0.05507982554497811
-0.008107194319703744 -0.004140232308903191 0.05507982554497811
0.00899043727365895 0.15795906290569642 0.001923503459063701
0.00938358021293601 0.16206423134717715 3.8675383745571207e-05
-0.008107194319703744 -0.004140232308903191 0.05507982554497811
-0.008107194319703744 -0.004140232308903191 0.05507982554497811
-0.008107194319703744 -0.004140232308903191 0.05507982554497811
0.0091625184670548 0.1621139442173444 -7.408257365348692e-05
-0.008107194319703744 -0.004140232308903191 0.05507982554497811
-0.008107194319703744 -0.004140232308903191 0.05507982554497811
-0.008107194319703744 -0.004140232308903191 0.05507982554497811
-0.008107194319703744 -0.004140232308903191 0.05507982554497811
-0.008107194319703744 -0.004140232308903191 0.05507982554497811
0.010828555281840705 0.16175497182684132 0.00021223734227605412
0.012593614422806583 0.18299583810198003 0.0005478452492199234
-0.008123191192207396 -0.004170339405681129 0.05511782613756713
0.01030779401461488 0.15768285723840067 0.002205666405403401
0.00899043727365895 0.15795906290569642 0.001923503459063701
-0.008107194319703744 -0.004140232308903191 0.05507982554497811
-0.008107194319703744 -0.004140232308903191 0.05507982554497811
-0.008107194319703744 -0.004140232308903191 0.05507982554497811
-0.008107194319703744 -0.004140232308903191 0.05507982554497811
-0.008107194319703744 -0.004140232308903191 0.05507982554497811
-0.008107194319703744 -0.004140232308903191 0.05507982554497811
-0.008107194319703744 -0.004140232308903191 0.05507982554497811
-0.008107194319703744 -0.004140232308903191 0.05507982554497811
-0.008107194319703744 -0.004140232308903191 0.05507982554497811
-0.008107194319703744 -0.004140232308903191 0.05507982554497811
-0.006825542657677999 -0.004249051297359068 0.05527803008434813
-0.008107194319703744 -0.004140232308903191 0.05507982554497811
0.0091625184670548 0.1621139442173444 -7.408257365348692e-05
-0.008107194319703744 -0.004140232308903191 0.05507982554497811
-0.008107194319703744 -0.004140232308903191 0.05507982554497811
-0.008107194319703744 -0.004140232308903191 0.05507982554497811
0.012395930273901613 0.18355328374027702 5.3425920754027265e-06
-0.008107194319703744 -0.004140232308903191 0.05507982554497811
-0.008021125894669374 -0.003926619423182542 0.055106848890859296
-0.007926034743215443 -0.003943397072977762 0.055223297714201716
0.009178162211908977 0.16249166070022147 -0.0002556813039005048
0.012572152892289091 0.1839561932979248 0.0002943192381772914
-0.008107194319703744 -0.004140232308903191 0.05507982554497811
-0.008107194319703744 -0.004140232308903191 0.05507982554497811
-0.008257485902743538 -0.0037633819544084816 0.054514669708142574
-0.008107194319703744 -0.004140232308903191 0.05507982554497811
-0.008107194319703744 -0.004140232308903191 0.05507982554497811
-0.008107194319703744 -0.004140232308903191 0.05507982554497811
-0.008107194319703744 -0.004140232308903191 0.05507982554497811
-0.007900696887628726 0.0008456252650744213 0.05268272230571746
-0.008090978789120712 -0.004135821580058604 0.05507042588417271
0.009196934705733968 0.16294492047967402 -0.00047359978019692275
-0.008107194319703744 -0.004140232308903191 0.05507982554497811
-0.008094113166859363 -0.004155642989455919 0.05513156978413216
-0.008107194319703744 -0.004140232308903191 0.05507982554497811
-0.008107194319703744 -0.004140232308903191 0.05507982554497811
-0.008107194319703744 -0.004140232308903191 0.05507982554497811
-0.008107194319703744 -0.004140232308903191 0.05507982554497811
-0.008107194319703744 -0.004140232308903191 0.05507982554497811
0.00899043727365895 0.15795906290569642 0.001923503459063701
0.00918374853522983 0.16242477029632466 -0.0003224890923212304
-0.008107194319703744 -0.004140232308903191 0.05507982554497811
-0.008107194319703744 -0.004140232308903191 0.05507982554497811
-0.008107194319703744 -0.004140232308903191 0.05507982554497811
-0.008256122951052821 -0.003584743189895659 0.049673432893539864
-0.008107194319703744 -0.004140232308903191 0.05507982554497811
-0.008094113166859363 -0.004155642989455919 0.05513156978413216
0.01244064444839287 0.17885261264654392 0.0025647931663534346
0.00899043727365895 0.15795906290569642 0.001923503459063701
0.00899043727365895 0.15795906290569642 0.001923503459063701
-0.008107194319703744 -0.004140232308903191 0.05507982554497811
-0.008107194319703744 -0.004140232308903191 0.05507982554497811
-0.008107194319703744 -0.004140232308903191 0.05507982554497811
-0.008107194319703744 -0.004140232308903191 0.05507982554497811
-0.008107194319703744 -0.004140232308903191 0.05507982554497811
-0.008101221346102342 -0.004141243223241775 0.05510105643262058
-0.008107194319703744 -0.004140232308903191 0.05507982554497811
-0.008107194319703744 -0.004140232308903191 0.05507982554497811
-0.008107194319703744 -0.004140232308903191 0.05507982554497811
-0.008107194319703744 -0.004140232308903191 0.05507982554497811
0.009179726586394385 0.1625294323485092 -0.0002738411769252053
0.00899043727365895 0.15795906290569642 0.001923503459063701
-0.008107194319703744 -0.004140232308903191 0.05507982554497811
0.00899043727365895 0.15795906290569642 0.001923503459063701
0.0091625184670548 0.1621139442173444 -7.408257365348692e-05
-0.008107194319703744 -0.004140232308903191 0.05507982554497811
-0.008107194319703744 -0.004140232308903191 0.05507982554497811
-0.008107194319703744 -0.004140232308903191 0.05507982554497811
-0.008107194319703744 -0.004140232308903191 0.05507982554497811
-0.008107194319703744 -0.004140232308903191 0.05507982554497811
0.013659195115359924 0.17866815752535534 0.0028059778838874024
-0.008107194319703744 -0.004140232308903191 0.05507982554497811
-0.008107194319703744 -0.004140232308903191 0.05507982554497811
-0.008107194319703744 -0.004140232308903191 0.05507982554497811
-0.008107194319703744 -0.004140232308903191 0.05507982554497811
-0.008107194319703744 -0.004140232308903191 0.05507982554497811
0.0091625184670548 0.1621139442173444 -7.408257365348692e-05
0.009047108790538128 0.1579452830984847 0.0019437119975764963
-0.006748788999132645 -0.004450937583196906 0.05497715400765847
0.00899043727365895 0.15795906290569642 0.001923503459063701
-0.008107194319703744 -0.004140232308903191 0.05507982554497811
0.012358474873009784 0.17872265256437378 0.002798962691944915
0.012394971607211905 0.17913316407001348 0.002711433169874228
-0.008107194319703744 -0.004140232308903191 0.05507982554497811
-0.008123191192207396 -0.004170339405681129 0.05511782613756713
-0.008107194319703744 -0.004140232308903191 0.05507982554497811
-0.008107194319703744 -0.004140232308903191 0.05507982554497811
-0.008107194319703744 -0.004140232308903191 0.05507982554497811
-0.008107194319703744 -0.004140232308903191 0.05507982554497811
-0.008107194319703744 -0.004140232308903191 0.05507982554497811
-0.008107194319703744 -0.004140232308903191 0.05507982554497811
0.00899043727365895 0.15795906290569642 0.001923503459063701
0.012217951618269994 0.17914954814577566 0.0022278720471960874
-0.008107194319703744 -0.004140232308903191 0.05507982554497811
-0.006505019058775919 -0.004498653335967785 0.05541572937061839
-0.006554687497689608 -0.004487517445326261 0.05540736727987201
0.009003275591779426 0.15815444941839948 0.0019307584446451214
-0.008107194319703744 -0.004140232308903191 0.05507982554497811
-0.008107194319703744 -0.004140232308903191 0.05507982554497811
-0.008107194319703744 -0.004140232308903191 0.05507982554497811
-0.008107194319703744 -0.004140232308903191 0.05507982554497811
0.009018198988801681 0.15823052499881893 0.001930324102965405
-0.008107194319703744 -0.004140232308903191 0.05507982554497811
0.009346291078259794 0.1632844805925241 -0.0005960953765617818
-0.008107194319703744 -0.004140232308903191 0.05507982554497811
-0.008107194319703744 -0.004140232308903191 0.05507982554497811
-0.008107194319703744 -0.004140232308903191 0.05507982554497811
0.009274278255096531 0.16359758993985768 -0.0007754515612182468
0.00899043727365895 0.15795906290569642 0.001923503459063701
0.012345859382922816 0.17854007175672046 0.002784257911878771
0.009214142825073554 0.1633604086108388 -0.0006733583834686416
0.0091625184670548 0.1621139442173444 -7.408257365348692e-05
-0.008106699186306167 -0.004175857958297505 0.055048865951943554
-0.008107194319703744 -0.004140232308903191 0.05507982554497811
-0.008107194319703744 -0.004140232308903191 0.05507982554497811
-0.008107194319703744 -0.004140232308903191 0.05507982554497811
-0.008107194319703744 -0.004140232308903191 0.05507982554497811
-0.008107194319703744 -0.004140232308903191 0.05507982554497811
-0.008107194319703744 -0.004140232308903191 0.05507982554497811
-0.008094113166859363 -0.004155642989455919 0.05513156978413216
-0.008107194319703744 -0.004140232308903191 0.05507982554497811
-0.008107194319703744 -0.004140232308903191 0.05507982554497811
0.009147038827108451 0.1582720037963012 0.0017936778686770513
-0.008107194319703744 -0.004140232308903191 0.05507982554497811
-0.008107194319703744 -0.004140232308903191 0.05507982554497811
-0.006712365081542592 -0.004452165411543641 0.05538082096004229
0.012346769060567187 0.17870039001125423 0.0027865897926003156
-0.008107194319703744 -0.004140232308903191 0.05507982554497811
0.012355246638890423 0.17872785482304468 0.002805251269069523
-0.008107194319703744 -0.004140232308903191 0.05507982554497811
-0.008107194319703744 -0.004140232308903191 0.05507982554497811
-0.006847164146290568 -0.004438919819347943 0.05535375323396459
-0.0068757323898119335 -0.004416331692745457 0.055287152302848135
0.0091625184670548 0.1621139442173444 -7.408257365348692e-05
0.012355246638890423 0.17872785482304468 0.002805251269069523
-0.008101221346102342 -0.004141243223241775 0.05510105643262058
0.012348017119007406 0.17855578659910326 0.0027815980275896074
0.00899043727365895 0.15795906290569642 0.001923503459063701
-0.008107194319703744 -0.004140232308903191 0.05507982554497811
-0.008107194319703744 -0.004140232308903191 0.05507982554497811
-0.008114214853860359 -0.004178782744422703 0.05505242865803232
0.00899043727365895 0.15795906290569642 0.001923503459063701
0.00899043727365895 0.15795906290569642 0.001923503459063701
-0.008053610234131548 -0.004153261400225562 0.055098933134056186
-0.008112982064140344 -0.004144158991442147 0.055077363617920705
-0.008107194319703744 -0.004140232308903191 0.05507982554497811
-0.00809878127980545 -0.004137240531258092 0.0550755953560082
-0.008053232881416248 -0.004153353154389803 0.05509906769454264
-0.008040388894971575 -0.0041553665842375374 0.05509889116728109
-0.008107194319703744 -0.004140232308903191 0.05507982554497811
-0.008107194319703744 -0.004140232308903191 0.05507982554497811
0.01246841692717745 0.1785621936865456 0.0026671005218629937
-0.008107194319703744 -0.004140232308903191 0.05507982554497811
-0.00811475489494933 -0.004181748162539589 0.055050321205190336
-0.00811475489494933 -0.004181748162539589 0.055050321205190336
-0.008107194319703744 -0.004140232308903191 0.05507982554497811
0.00899043727365895 0.15795906290569642 0.001923503459063701
-0.008107194319703744 -0.004140232308903191 0.05507982554497811
0.00899043727365895 0.15795906290569642 0.001923503459063701
0.00899043727365895 0.15795906290569642 0.001923503459063701
0.00899043727365895 0.15795906290569642 0.001923503459063701
0.008840145690619158 0.15833591326019109 0.0013583476222281904
0.009174617434090544 0.1621470347649692 -7.611301216111683e-05
-0.008107194319703744 -0.004140232308903191 0.05507982554497811
0.012625475278972906 0.18497560600614857 -0.00028364833166264234
-0.008107194319703744 -0.004140232308903191 0.05507982554497811
-0.008107194319703744 -0.004140232308903191 0.05507982554497811
0.012340162959659508 0.17849858457282988 0.002791280006402164
-0.008147637776824021 -0.0041670943584317345 0.05502154086578539
-0.008107194319703744 -0.004140232308903191 0.05507982554497811
-0.008107194319703744 -0.004140232308903191 0.05507982554497811
-0.008107194319703744 -0.004140232308903191 0.05507982554497811
-0.008107194319703744 -0.004140232308903191 0.05507982554497811
-0.007978940352185809 -0.00407662319518737 0.05495564606043892
-0.008107194319703744 -0.004140232308903191 0.05507982554497811
-0.008107194319703744 -0.004140232308903191 0.05507982554497811
0.009232520453682436 0.16345471745517895 -0.0006855266459609827
-0.008107194319703744 -0.004140232308903191 0.05507982554497811
-0.008107194319703744 -0.004140232308903191 0.05507982554497811
-0.007926420019731494 1.3644868703746499e-05 0.05308058281964823
-0.008107194319703744 -0.004140232308903191 0.05507982554497811
0.012363001366332648 0.17883295808203592 0.002524054812077773
0.00899043727365895 0.15795906290569642 0.001923503459063701
0.01235497640364468 0.17872403054902575 0.0027996511436114944
-0.008107194319703744 -0.004140232308903191 0.05507982554497811
0.012632700988432458 0.18556188280263147 -0.0006046162492170538
-0.008107194319703744 -0.004140232308903191 0.05507982554497811
-0.008107194319703744 -0.004140232308903191 0.05507982554497811
-0.006804777477078089 -0.004432240107947636 0.05529909814677153
-0.008107194319703744 -0.004140232308903191 0.05507982554497811
-0.008107194319703744 -0.004140232308903191 0.05507982554497811
-0.008107194319703744 -0.004140232308903191 0.05507982554497811
0.00899043727365895 0.15795906290569642 0.001923503459063701
0.009003275591779426 0.15815444941839948 0.0019307584446451214
0.012498862457129544 0.17875694912518197 0.0026026043980590862
-0.007935943132241757 -0.0041778336293905064 0.05517482151816373
-0.008107194319703744 -0.004140232308903191 0.05507982554497811
0.009030797955045309 0.16308492146751674 -0.0056802338283634506
0.00899043727365895 0.15795906290569642 0.001923503459063701
-0.008107194319703744 -0.004140232308903191 0.05507982554497811
0.0091625184670548 0.1621139442173444 -7.408257365348692e-05
0.00899043727365895 0.15795906290569642 0.001923503459063701
-0.008107194319703744 -0.004140232308903191 0.05507982554497811
-0.008107194319703744 -0.004140232308903191 0.05507982554497811
-0.008107194319703744 -0.004140232308903191 0.05507982554497811
0.00929077243457274 0.16217755333106018 -0.00019826205819265704
0.012212464396485465 0.1793648997708177 -0.00286351916370383
0.00899043727365895 0.15795906290569642 0.001923503459063701
0.00912533706831741 0.1580710737339512 0.0017911315309139056
-0.008107194319703744 -0.004140232308903191 0.05507982554497811
-0.008107194319703744 -0.004140232308903191 0.05507982554497811
-0.008107194319703744 -0.004140232308903191 0.05507982554497811
-0.008114165759215905 -0.004178513160957531 0.05505262024465433
-0.008107194319703744 -0.004140232308903191 0.05507982554497811
-0.008107194319703744 -0.004140232308903191 0.05507982554497811
0.010321597825277128 0.1622035285613866 -4.782179441621868e-05
-0.007978940352185809 -0.00407662319518737 0.05495564606043892
0.009181447398328345 0.16257098116162566 -0.00029381703725237754
-0.008107194319703744 -0.004140232308903191 0.05507982554497811
-0.0065277250393626345 0.0017200120571582832 0.05240802155904679
-0.008107194319703744 -0.004140232308903191 0.05507982554497811
0.00899043727365895 0.15795906290569642 0.001923503459063701
-0.008107194319703744 -0.004140232308903191 0.05507982554497811
-0.008107194319703744 -0.004140232308903191 0.05507982554497811
-0.008107194319703744 -0.004140232308903191 0.05507982554497811
-0.008107194319703744 -0.004140232308903191 0.05507982554497811
0.00899043727365895 0.15795906290569642 0.001923503459063701
-0.008107194319703744 -0.004140232308903191 0.05507982554497811
-0.008107194319703744 -0.004140232308903191 0.05507982554497811
-0.008107194319703744 -0.004140232308903191 0.05507982554497811
-0.007709180508120017 -0.004189672176023048 0.055072582813543054
-0.008107194319703744 -0.004140232308903191 0.05507982554497811
-0.008107194319703744 -0.004140232308903191 0.05507982554497811
-0.008107194319703744 -0.004140232308903191 0.05507982554497811
-0.008107194319703744 -0.004140232308903191 0.05507982554497811
-0.008107194319703744 -0.004140232308903191 0.05507982554497811
-0.008107194319703744 -0.004140232308903191 0.05507982554497811
-0.008050522802824572 -0.004154012116114814 0.0551000340834909
-0.008107194319703744 -0.004140232308903191 0.05507982554497811
0.009013436514181893 0.1582957911579251 0.0016543963971736458
0.012340162959659508 0.17849858457282988 0.002791280006402164
0.00899043727365895 0.15795906290569642 0.001923503459063701
0.00899043727365895 0.15795906290569642 0.001923503459063701
0.008996133696922256 0.158000550089587 0.0019164813645403081
-0.008107194319703744 -0.004140232308903191 0.05507982554497811
0.00899043727365895 0.15795906290569642 0.001923503459063701
-0.008107194319703744 -0.004140232308903191 0.05507982554497811
-0.008107194319703744 -0.004140232308903191 0.05507982554497811
-0.008107194319703744 -0.004140232308903191 0.05507982554497811
-0.008107194319703744 -0.004140232308903191 0.05507982554497811
-0.008107194319703744 -0.004140232308903191 0.05507982554497811
-0.008107194319703744 -0.004140232308903191 0.05507982554497811
-0.008107194319703744 -0.004140232308903191 0.05507982554497811
-0.008107194319703744 -0.004140232308903191 0.05507982554497811
-0.007709180508120017 -0.004189672176023048 0.055072582813543054
0.010281225890248618 0.15784059398566574 0.0019829977234572076
0.01419377681090654 0.17704019131475887 0.060790881781795966
-0.008107194319703744 -0.004140232308903191 0.05507982554497811
0.009282326924320633 0.16318263064499164 -0.0007680964200580011
0.009243888736806023 0.16245631643484654 -0.0003199312981185404
0.009295513094824771 0.16370278082834094 -0.0009192071079336937
-0.008107194319703744 -0.004140232308903191 0.05507982554497811
-0.008107194319703744 -0.004140232308903191 0.05507982554497811
-0.008107194319703744 -0.004140232308903191 0.05507982554497811
-0.008107194319703744 -0.004140232308903191 0.05507982554497811
-0.008107194319703744 -0.004140232308903191 0.05507982554497811
-0.008107194319703744 -0.004140232308903191 0.05507982554497811
0.010207445425030905 0.15768620412495085 0.002128396804282685
-0.008107194319703744 -0.004140232308903191 0.05507982554497811
-0.008107194319703744 -0.004140232308903191 0.05507982554497811
-0.008107194319703744 -0.004140232308903191 0.05507982554497811
-0.008107194319703744 -0.004140232308903191 0.05507982554497811
-0.008107194319703744 -0.004140232308903191 0.05507982554497811
-0.008107194319703744 -0.004140232308903191 0.05507982554497811
-0.008107194319703744 -0.004140232308903191 0.05507982554497811
-0.008107194319703744 -0.004140232308903191 0.05507982554497811
-0.008107194319703744 -0.004140232308903191 0.05507982554497811
0.00911683855174323 0.1651623621233407 -0.006679026844722043
-0.008094113166859363 -0.004155642989455919 0.05513156978413216
-0.008094113166859363 -0.004155642989455919 0.05513156978413216
-0.008094113166859363 -0.004155642989455919 0.05513156978413216
-0.008107194319703744 -0.004140232308903191 0.05507982554497811
0.009238234192148968 0.16394209199446955 -0.0009530204280490458
-0.008107194319703744 -0.004140232308903191 0.05507982554497811
-0.008147637776824021 -0.0041670943584317345 0.05502154086578539
-0.008107194319703744 -0.004140232308903191 0.05507982554497811
-0.006417574362947241 -0.004250785816463886 0.05514432233687319
-0.008107194319703744 -0.004140232308903191 0.05507982554497811
-0.008107194319703744 -0.004140232308903191 0.05507982554497811
0.00899043727365895 0.15795906290569642 0.001923503459063701
0.012548026686455807 0.18350249356526083 0.00038861745833190797
-0.008107194319703744 -0.004140232308903191 0.05507982554497811
-0.008107194319703744 -0.004140232308903191 0.05507982554497811
-0.008123471137476206 -0.004170866279874744 0.055118491147937404
-0.0080460631798256 -0.004155096483510402 0.05510162434378549
-0.008107194319703744 -0.004140232308903191 0.05507982554497811
-0.008107194319703744 -0.004140232308903191 0.05507982554497811
-0.008107194319703744 -0.004140232308903191 0.05507982554497811
-0.008112531071067363 -0.004143853016179372 0.055077555456392695
-0.008107194319703744 -0.004140232308903191 0.05507982554497811
-0.008068617081849553 -0.00418077615939542 0.05513364468288112
-0.008107194319703744 -0.004140232308903191 0.05507982554497811
-0.008107194319703744 -0.004140232308903191 0.05507982554497811
-0.008107194319703744 -0.004140232308903191 0.05507982554497811
-0.008107194319703744 -0.004140232308903191 0.05507982554497811
-0.008040151728571867 -0.004168763834942531 0.05515081193369673
-0.008094113166859363 -0.004155642989455919 0.05513156978413216
-0.008098501213127345 -0.004141236442944265 0.05507816885236541
-0.008107194319703744 -0.004140232308903191 0.05507982554497811
-0.008107194319703744 -0.004140232308903191 0.05507982554497811
-0.008107194319703744 -0.004140232308903191 0.05507982554497811
0.009024325414422106 0.15795257455662912 0.001791710195597907
-0.00810582802498247 -0.004122180890449817 0.05507426623616847
-0.008107194319703744 -0.004140232308903191 0.05507982554497811
0.012340162959659508 0.17849858457282988 0.002791280006402164
-0.008107194319703744 -0.004140232308903191 0.05507982554497811
-0.008107194319703744 -0.004140232308903191 0.05507982554497811
-0.007982435962329018 -0.004156539423667017 0.05515890088268626
-0.008107194319703744 -0.004140232308903191 0.05507982554497811
-0.008107194319703744 -0.004140232308903191 0.05507982554497811
0.008991803568380226 0.1579771143241497 0.0019179441502540694
-0.008107194319703744 -0.004140232308903191 0.05507982554497811
0.01021401532435811 0.15768473112354325 0.002129502900942255
0.00899043727365895 0.15795906290569642 0.001923503459063701
0.00899043727365895 0.15795906290569642 0.001923503459063701
0.00918535687372794 0.16244831772655047 -0.0003413077679778777
-0.008107194319703744 -0.004140232308903191 0.05507982554497811
-0.00683420109341314 -0.0043332789604491944 0.05514837234240264
-0.007988408935930415 -0.004155528509328435 0.05513766999504381
-0.007935113126307895 1.4649002744819862e-05 0.05308223951226092
-0.008107194319703744 -0.004140232308903191 0.05507982554497811
-0.008097824296517023 -0.00413690021655096 0.055075114172012905
-0.008101221346102342 -0.004141243223241775 0.05510105643262058
-0.008123191192207396 -0.004170339405681129 0.05511782613756713
-0.008107194319703744 -0.004140232308903191 0.05507982554497811
0.009181447398328345 0.16257098116162566 -0.00029381703725237754
-0.008107194319703744 -0.004140232308903191 0.05507982554497811
-0.008107194319703744 -0.004140232308903191 0.05507982554497811
-0.008107194319703744 -0.004140232308903191 0.05507982554497811
-0.008107194319703744 -0.004140232308903191 0.05507982554497811
-0.008107194319703744 -0.004140232308903191 0.05507982554497811
-0.008107194319703744 -0.004140232308903191 0.05507982554497811
-0.008107194319703744 -0.004140232308903191 0.05507982554497811
-0.008107194319703744 -0.004140232308903191 0.05507982554497811
0.00899043727365895 0.15795906290569642 0.001923503459063701
-0.007935943132241757 -0.0041778336293905064 0.05517482151816373
-0.008107194319703744 -0.004140232308903191 0.05507982554497811
-0.008047259907814845 -0.004154364068728387 0.055120298582185104
-0.008107194319703744 -0.004140232308903191 0.05507982554497811
-0.008094113166859363 -0.004155642989455919 0.05513156978413216
-0.008107194319703744 -0.004140232308903191 0.05507982554497811
-0.008107194319703744 -0.004140232308903191 0.05507982554497811
-0.008107194319703744 -0.004140232308903191 0.05507982554497811
-0.008107194319703744 -0.004140232308903191 0.05507982554497811
-0.008107194319703744 -0.004140232308903191 0.05507982554497811
-0.008091082601736478 -0.004135849817759273 0.05507048606125853
-0.008107194319703744 -0.004140232308903191 0.05507982554497811
0.009178162211908977 0.16249166070022147 -0.0002556813039005048
0.00899043727365895 0.15795906290569642 0.001923503459063701
0.012340162959659508 0.17849858457282988 0.002791280006402164
0.00899043727365895 0.15795906290569642 0.001923503459063701
0.012340162959659508 0.17849858457282988 0.002791280006402164
-0.008107194319703744 -0.004140232308903191 0.05507982554497811
-0.008107194319703744 -0.004140232308903191 0.05507982554497811
-0.008107194319703744 -0.004140232308903191 0.05507982554497811
-0.008107194319703744 -0.004140232308903191 0.05507982554497811
-0.008107194319703744 -0.004140232308903191 0.05507982554497811
-0.008107194319703744 -0.004140232308903191 0.05507982554497811
-0.008107194319703744 -0.004140232308903191 0.05507982554497811
-0.008115147652104944 -0.004183904830260961 0.055048788512214376
-0.008107194319703744 -0.004140232308903191 0.05507982554497811
-0.008147637776824021 -0.0041670943584317345 0.05502154086578539
-0.008107194319703744 -0.004140232308903191 0.05507982554497811
-0.006789009718692791 -0.0044357753113258985 0.055301752778754515
-0.008107194319703744 -0.004140232308903191 0.05507982554497811
-0.008089067300223999 -0.003977099331672005 0.05502745935231875
-0.008107194319703744 -0.004140232308903191 0.05507982554497811
-0.008107194319703744 -0.004140232308903191 0.05507982554497811
-0.008107194319703744 -0.004140232308903191 0.05507982554497811
0.00899043727365895 0.15795906290569642 0.001923503459063701
-0.008107194319703744 -0.004140232308903191 0.05507982554497811
0.009183168210262303 0.16261252997474218 -0.00031379289757954825
-0.008107194319703744 -0.004140232308903191 0.05507982554497811
-0.008107194319703744 -0.004140232308903191 0.05507982554497811
-0.008107194319703744 -0.004140232308903191 0.05507982554497811
-0.008107194319703744 -0.004140232308903191 0.05507982554497811
-0.008107194319703744 -0.004140232308903191 0.05507982554497811
-0.008107194319703744 -0.004140232308903191 0.05507982554497811
0.009178162211908977 0.16249166070022147 -0.0002556813039005048
0.009179726586394385 0.1625294323485092 -0.0002738411769252053
-0.008107194319703744 -0.004140232308903191 0.05507982554497811
-0.008107194319703744 -0.004140232308903191 0.05507982554497811
-0.007950372108664444 -0.00409921132178986 0.05502224699155541
-0.008123471137476206 -0.004170866279874744 0.055118491147937404
-0.008107194319703744 -0.004140232308903191 0.05507982554497811
-0.008107194319703744 -0.004140232308903191 0.05507982554497811
-0.008107194319703744 -0.004140232308903191 0.05507982554497811
-0.008107194319703744 -0.004140232308903191 0.05507982554497811
-0.006712365081542592 -0.004452165411543641 0.05538082096004229
-0.008107194319703744 -0.004140232308903191 0.05507982554497811
-0.008107194319703744 -0.004140232308903191 0.05507982554497811
-0.008107194319703744 -0.004140232308903191 0.05507982554497811
-0.008107194319703744 -0.004140232308903191 0.05507982554497811
-0.008107194319703744 -0.004140232308903191 0.05507982554497811
-0.008107194319703744 -0.004140232308903191 0.05507982554497811
-0.008107194319703744 -0.004140232308903191 0.05507982554497811
-0.008107194319703744 -0.004140232308903191 0.05507982554497811
-0.008107194319703744 -0.004140232308903191 0.05507982554497811
-0.008107194319703744 -0.004140232308903191 0.05507982554497811
-0.008107194319703744 -0.004140232308903191 0.05507982554497811
-0.008107194319703744 -0.004140232308903191 0.05507982554497811
-0.008107194319703744 -0.004140232308903191 0.05507982554497811
-0.008085879232791936 -0.004153187139744163 0.055116810864327334
-0.008078626076182377 -0.0041628204355056795 0.05514642647609453
-0.008107194319703744 -0.004140232308903191 0.05507982554497811
0.00899043727365895 0.15795906290569642 0.001923503459063701
-0.008107194319703744 -0.004140232308903191 0.05507982554497811
-0.008147637776824021 -0.0041670943584317345 0.05502154086578539
-0.008107194319703744 -0.004140232308903191 0.05507982554497811
-0.008107194319703744 -0.004140232308903191 0.05507982554497811
0.00899043727365895 0.15795906290569642 0.001923503459063701
-0.008098395651823149 -0.004134955198331633 0.05507672663231887
-0.008107194319703744 -0.004140232308903191 0.05507982554497811
-0.008107194319703744 -0.004140232308903191 0.05507982554497811
-0.008107194319703744 -0.004140232308903191 0.05507982554497811
-0.008107194319703744 -0.004140232308903191 0.05507982554497811
-0.008107194319703744 -0.004140232308903191 0.05507982554497811
-0.008107194319703744 -0.004140232308903191 0.05507982554497811
-0.008104888800289521 -0.004134855010491611 0.055076462063953384
0.00921930526087543 0.16348505505018823 -0.0007332859644501575
-0.008107194319703744 -0.004140232308903191 0.05507982554497811
-0.008107194319703744 -0.004140232308903191 0.05507982554497811
-0.008107194319703744 -0.004140232308903191 0.05507982554497811
-0.008107194319703744 -0.004140232308903191 0.05507982554497811
-0.008107194319703744 -0.004140232308903191 0.05507982554497811
-0.008107194319703744 -0.004140232308903191 0.05507982554497811
-0.008107194319703744 -0.004140232308903191 0.05507982554497811
-0.008107194319703744 -0.004140232308903191 0.05507982554497811
-0.008107194319703744 -0.004140232308903191 0.05507982554497811
-0.008107194319703744 -0.004140232308903191 0.05507982554497811
0.00899101256652889 0.157965621761279 0.0019185757925030621
0.00899043727365895 0.15795906290569642 0.001923503459063701
-0.007935943132241757 -0.0041778336293905064 0.05517482151816373
-0.008107194319703744 -0.004140232308903191 0.05507982554497811
-0.008098395651823149 -0.004134955198331633 0.05507672663231887
-0.008107194319703744 -0.004140232308903191 0.05507982554497811
0.009030797955045309 0.16308492146751674 -0.0056802338283634506
0.009034408053051262 0.15846816058140303 0.001859445545013041
0.009214142825073554 0.1633604086108388 -0.0006733583834686416
-0.008107194319703744 -0.004140232308903191 0.05507982554497811
0.009196934705733968 0.16294492047967402 -0.00047359978019692275
0.009641065077871018 0.1568469309714618 0.05952960956067228
0.00899043727365895 0.15795906290569642 0.001923503459063701
0.008996133696922256 0.158000550089587 0.0019164813645403081
0.00899043727365895 0.15795906290569642 0.001923503459063701
0.013571624889551326 0.17822248518898762 0.0029986067642722033
-0.008107194319703744 -0.004140232308903191 0.05507982554497811
0.01234152925438079 0.1785166359912832 0.002785720697592532
0.010722232796825987 0.15768230241080095 0.0021296684913551535
-0.007978940352185809 -0.00407662319518737 0.05495564606043892
-0.008107194319703744 -0.004140232308903191 0.05507982554497811
-0.008048096219639 -0.004168665795025765 0.055027693806305567
-0.008107194319703744 -0.004140232308903191 0.05507982554497811
0.008992742793073168 0.15796444020410796 0.0019201399780389566
-0.008107194319703744 -0.004140232308903191 0.05507982554497811
0.009211755221031527 0.16325247096438728 -0.0006222422454192812
0.00924568156845698 0.1626788233705569 -0.0005522520875171911
-0.008122422111798564 -0.004168891949105267 0.055115999186000346
-0.007988681090328164 -0.004161399933894567 0.05511462093821657
0.009325188673251905 0.16300852959338977 -0.0005977792647360931
-0.008107194319703744 -0.004140232308903191 0.05507982554497811
0.00899043727365895 0.15795906290569642 0.001923503459063701
0.00899043727365895 0.15795906290569642 0.001923503459063701
-0.008107194319703744 -0.004140232308903191 0.05507982554497811
0.00899043727365895 0.15795906290569642 0.001923503459063701
0.009015815100930588 0.15818744907382004 0.0018501907893406122
0.009048006074384891 0.1635004095986815 -0.005879992431635165
0.009179726586394385 0.1625294323485092 -0.0002738411769252053
-0.008107194319703744 -0.004140232308903191 0.05507982554497811
-0.008107194319703744 -0.004140232308903191 0.05507982554497811
-0.007935943132241757 -0.0041778336293905064 0.05517482151816373
-0.008114165759215905 -0.004178513160957531 0.05505262024465433
-0.007935943132241757 -0.0041778336293905064 0.05517482151816373
0.012340162959659508 0.17849858457282988 0.002791280006402164
-0.008115587023966794 -0.004149479496176634 0.055058900237415186
-0.008107194319703744 -0.004140232308903191 0.05507982554497811
0.00899043727365895 0.15795906290569642 0.001923503459063701
0.0091625184670548 0.1621139442173444 -7.408257365348692e-05
-0.008107194319703744 -0.004140232308903191 0.05507982554497811
-0.008107194319703744 -0.004140232308903191 0.05507982554497811
-0.008147637776824021 -0.0041670943584317345 0.05502154086578539
-0.008107194319703744 -0.004140232308903191 0.05507982554497811
0.00899043727365895 0.15795906290569642 0.001923503459063701
0.00899043727365895 0.15795906290569642 0.001923503459063701
0.00899043727365895 0.15795906290569642 0.001923503459063701
0.0091625184670548 0.1621139442173444 -7.408257365348692e-05
0.00899043727365895 0.15795906290569642 0.001923503459063701
0.00899043727365895 0.15795906290569642 0.001923503459063701
0.00899043727365895 0.15795906290569642 0.001923503459063701
0.00899043727365895 0.15795906290569642 0.001923503459063701
-0.008107194319703744 -0.004140232308903191 0.05507982554497811
-0.008107194319703744 -0.004140232308903191 0.05507982554497811
0.00899043727365895 0.15795906290569642 0.001923503459063701
0.012361393027834542 0.17880941065181008 0.0025428734877344194
0.009118691241176886 0.15802267201941214 0.0017993239745245308
-0.006962455060931076 -0.004396888074165016 0.0552725518269418
0.009011667341833975 0.15826988898467667 0.0016750969403959571
0.009118691241176886 0.15802267201941214 0.0017993239745245308
-0.008078626076182377 -0.0041628204355056795 0.05514642647609453
-0.008107194319703744 -0.004140232308903191 0.05507982554497811
-0.008078626076182377 -0.0041628204355056795 0.05514642647609453
-0.008107194319703744 -0.004140232308903191 0.05507982554497811
-0.008107194319703744 -0.004140232308903191 0.05507982554497811
-0.008107194319703744 -0.004140232308903191 0.05507982554497811
-0.008107194319703744 -0.004140232308903191 0.05507982554497811
-0.008107194319703744 -0.004140232308903191 0.05507982554497811
-0.008107194319703744 -0.004140232308903191 0.05507982554497811
-0.008107194319703744 -0.004140232308903191 0.05507982554497811
-0.008107194319703744 -0.004140232308903191 0.05507982554497811
0.009011667341833975 0.15826988898467667 0.0016750969403959571
0.00929154014197623 0.1644868186463241 -0.001255603376503782
0.01363693555564452 0.17820274744701187 0.003008151720651982
0.00899043727365895 0.15795906290569642 0.001923503459063701
-0.008107194319703744 -0.004140232308903191 0.05507982554497811
-0.007898941576542808 -0.004096075078006682 0.05498417288356957
0.00899043727365895 0.15795906290569642 0.001923503459063701
-0.008107194319703744 -0.004140232308903191 0.05507982554497811
-0.008107194319703744 -0.004140232308903191 0.05507982554497811
0.012349114306214255 0.17855236358578053 0.002779724081766795
-0.008107194319703744 -0.004140232308903191 0.05507982554497811
-0.008098395651823149 -0.004134955198331633 0.05507672663231887
-0.008107194319703744 -0.004140232308903191 0.05507982554497811
-0.008107194319703744 -0.004140232308903191 0.05507982554497811
0.00899043727365895 0.15795906290569642 0.001923503459063701
0.012340162959659508 0.17849858457282988 0.002791280006402164
0.0091625184670548 0.1621139442173444 -7.408257365348692e-05
-0.00810221521469771 -0.0041645699278194575 0.055111369162545464
0.00899043727365895 0.15795906290569642 0.001923503459063701
-0.008094113166859363 -0.004155642989455919 0.05513156978413216
-0.008102297787545643 -0.004164660907623406 0.055111163285847684
-0.008121858119498757 -0.004167830480949634 0.05511465942151801
-0.008107194319703744 -0.004140232308903191 0.05507982554497811
-0.008107194319703744 -0.004140232308903191 0.05507982554497811
-0.008107194319703744 -0.004140232308903191 0.05507982554497811
-0.008107194319703744 -0.004140232308903191 0.05507982554497811
0.01232549915986451 0.17847098640078338 0.0028261138829420844
0.008996133696922256 0.158000550089587 0.0019164813645403081
-0.008107194319703744 -0.004140232308903191 0.05507982554497811
0.00899043727365895 0.15795906290569642 0.001923503459063701
-0.008094113166859363 -0.004155642989455919 0.05513156978413216
-0.008094113166859363 -0.004155642989455919 0.05513156978413216
-0.007935943132241757 -0.0041778336293905064 0.05517482151816373
-0.007709180508120017 -0.004189672176023048 0.055072582813543054
-0.008107194319703744 -0.004140232308903191 0.05507982554497811
-0.008107194319703744 -0.004140232308903191 0.05507982554497811
-0.008107194319703744 -0.004140232308903191 0.05507982554497811
0.00899043727365895 0.15795906290569642 0.001923503459063701
0.00899043727365895 0.15795906290569642 0.001923503459063701
-0.008107194319703744 -0.004140232308903191 0.05507982554497811
0.012340162959659508 0.17849858457282988 0.002791280006402164
0.008868389121653684 0.15869646651621538 -0.0035439819101999873
-0.008107194319703744 -0.004140232308903191 0.05507982554497811
-0.008107194319703744 -0.004140232308903191 0.05507982554497811
0.012340162959659508 0.17849858457282988 0.002791280006402164
-0.008107194319703744 -0.004140232308903191 0.05507982554497811
0.012340162959659508 0.17849858457282988 0.002791280006402164
0.012340162959659508 0.17849858457282988 0.002791280006402164
-0.008107194319703744 -0.004140232308903191 0.05507982554497811
-0.008107194319703744 -0.004140232308903191 0.05507982554497811
-0.008107194319703744 -0.004140232308903191 0.05507982554497811
-0.008107194319703744 -0.004140232308903191 0.05507982554497811
-0.008107194319703744 -0.004140232308903191 0.05507982554497811
-0.008107194319703744 -0.004140232308903191 0.05507982554497811
0.009178162211908977 0.16249166070022147 -0.0002556813039005048
-0.008107194319703744 -0.004140232308903191 0.05507982554497811
-0.008107194319703744 -0.004140232308903191 0.05507982554497811
-0.008107194319703744 -0.004140232308903191 0.05507982554497811
-0.008107194319703744 -0.004140232308903191 0.05507982554497811
-0.008107194319703744 -0.004140232308903191 0.05507982554497811
-0.008107194319703744 -0.004140232308903191 0.05507982554497811
-0.008107194319703744 -0.004140232308903191 0.05507982554497811
-0.008107194319703744 -0.004140232308903191 0.05507982554497811
-0.008107194319703744 -0.004140232308903191 0.05507982554497811
-0.008107194319703744 -0.004140232308903191 0.05507982554497811
-0.008107194319703744 -0.004140232308903191 0.05507982554497811
-0.008107194319703744 -0.004140232308903191 0.05507982554497811
0.00899043727365895 0.15795906290569642 0.001923503459063701
-0.008107194319703744 -0.004140232308903191 0.05507982554497811
0.012192600623031711 0.17907212511029075 -0.002620671953845716
-0.008107194319703744 -0.004140232308903191 0.05507982554497811
-0.008107194319703744 -0.004140232308903191 0.05507982554497811
-0.008107194319703744 -0.004140232308903191 0.05507982554497811
0.0091625184670548 0.1621139442173444 -7.408257365348692e-05
0.012340162959659508 0.17849858457282988 0.002791280006402164
0.012340162959659508 0.17849858457282988 0.002791280006402164
-0.008107194319703744 -0.004140232308903191 0.05507982554497811
0.0091625184670548 0.1621139442173444 -7.408257365348692e-05
0.00899043727365895 0.15795906290569642 0.001923503459063701
-0.008107194319703744 -0.004140232308903191 0.05507982554497811
-0.008078626076182377 -0.0041628204355056795 0.05514642647609453
-0.008107194319703744 -0.004140232308903191 0.05507982554497811
-0.008107194319703744 -0.004140232308903191 0.05507982554497811
-0.008078626076182377 -0.0041628204355056795 0.05514642647609453
0.00899043727365895 0.15795906290569642 0.001923503459063701
0.009015895895061014 0.15794621078996718 0.001720291989739662
-0.008094113166859363 -0.004155642989455919 0.05513156978413216
-0.008107194319703744 -0.004140232308903191 0.05507982554497811
0.009183849247573806 0.16251035885783485 -0.00028256157171104
0.00899043727365895 0.15795906290569642 0.001923503459063701
0.01218987137661972 0.17887543492732458 0.002226124169566653
0.008998812072466798 0.1579620410843522 0.0019192924982254986
-0.008107194319703744 -0.004140232308903191 0.05507982554497811
0.00899043727365895 0.15795906290569642 0.001923503459063701
0.00899043727365895 0.15795906290569642 0.001923503459063701
-0.008107194319703744 -0.004140232308903191 0.05507982554497811
-0.008107194319703744 -0.004140232308903191 0.05507982554497811
-0.008107194319703744 -0.004140232308903191 0.05507982554497811
0.00899043727365895 0.15795906290569642 0.001923503459063701
-0.008107194319703744 -0.004140232308903191 0.05507982554497811
-0.008107194319703744 -0.004140232308903191 0.05507982554497811
0.00899043727365895 0.15795906290569642 0.001923503459063701
0.00899043727365895 0.15795906290569642 0.001923503459063701
-0.008107194319703744 -0.004140232308903191 0.05507982554497811
-0.008081735698301682 -0.004153084424632378 0.054876614075654064
0.00899043727365895 0.15795906290569642 0.001923503459063701
0.00899043727365895 0.15795906290569642 0.001923503459063701
0.00899043727365895 0.15795906290569642 0.001923503459063701
-0.008107194319703744 -0.004140232308903191 0.05507982554497811
0.00899043727365895 0.15795906290569642 0.001923503459063701
-0.008107194319703744 -0.004140232308903191 0.05507982554497811
0.009215121043674942 0.16285642235225764 -0.00040029471479829427
-0.008107194319703744 -0.004140232308903191 0.05507982554497811
-0.00804908200154798 -0.004154362450196466 0.055100547859893774
-0.008107194319703744 -0.004140232308903191 0.05507982554497811
-0.007978940352185809 -0.00407662319518737 0.05495564606043892
-0.008107194319703744 -0.004140232308903191 0.05507982554497811
-0.008107194319703744 -0.004140232308903191 0.05507982554497811
0.00899043727365895 0.15795906290569642 0.001923503459063701
-0.008107194319703744 -0.004140232308903191 0.05507982554497811
-0.008107194319703744 -0.004140232308903191 0.05507982554497811
-0.008107194319703744 -0.004140232308903191 0.05507982554497811
-0.006962455060931076 -0.004396888074165016 0.0552725518269418
-0.008107194319703744 -0.004140232308903191 0.05507982554497811
-0.008107194319703744 -0.004140232308903191 0.05507982554497811
-0.008107194319703744 -0.004140232308903191 0.05507982554497811
-0.008107194319703744 -0.004140232308903191 0.05507982554497811
-0.006889772340314945 -0.004412855618180862 0.05530501384989684
-0.008081735698301682 -0.004153084424632378 0.054876614075654064
-0.008000365428550461 -0.0038107122071302526 0.054630765351189006
-0.008107194319703744 -0.004140232308903191 0.05507982554497811
-0.008107194319703744 -0.004140232308903191 0.05507982554497811
-0.008107194319703744 -0.004140232308903191 0.05507982554497811
0.009302055155829232 0.16383300379664137 -0.000980098637123661
0.012261215303915968 0.17914740708232288 0.0019857429768259556
-0.008107194319703744 -0.004140232308903191 0.05507982554497811
0.010306490326813394 0.16186435389332626 0.00011208837163316054
-0.008107194319703744 -0.004140232308903191 0.05507982554497811
-0.008107194319703744 -0.004140232308903191 0.05507982554497811
-0.008107194319703744 -0.004140232308903191 0.05507982554497811
-0.008081735698301682 -0.004153084424632378 0.054876614075654064
-0.008107194319703744 -0.004140232308903191 0.05507982554497811
-0.008107194319703744 -0.004140232308903191 0.05507982554497811
-0.008107194319703744 -0.004140232308903191 0.05507982554497811
-0.008107194319703744 -0.004140232308903191 0.05507982554497811
-0.008107194319703744 -0.004140232308903191 0.05507982554497811
-0.008107194319703744 -0.004140232308903191 0.05507982554497811
-0.008107194319703744 -0.004140232308903191 0.05507982554497811
-0.008078626076182377 -0.0041628204355056795 0.05514642647609453
-0.008107194319703744 -0.004140232308903191 0.05507982554497811
-0.008107194319703744 -0.004140232308903191 0.05507982554497811
-0.007860008838777884 0.0009215915526928777 0.052497916727920556
-0.008107194319703744 -0.004140232308903191 0.05507982554497811
-0.008107194319703744 -0.004140232308903191 0.05507982554497811
-0.008107194319703744 -0.004140232308903191 0.05507982554497811
-0.008107194319703744 -0.004140232308903191 0.05507982554497811
-0.008107194319703744 -0.004140232308903191 0.05507982554497811
-0.008107194319703744 -0.004140232308903191 0.05507982554497811
-0.008107194319703744 -0.004140232308903191 0.05507982554497811
-0.008107194319703744 -0.004140232308903191 0.05507982554497811
-0.008107194319703744 -0.004140232308903191 0.05507982554497811
-0.008107194319703744 -0.004140232308903191 0.05507982554497811
-0.008114214853860359 -0.004178782744422703 0.05505242865803232
-0.007935113126307895 1.4649002744819862e-05 0.05308223951226092
-0.008107194319703744 -0.004140232308903191 0.05507982554497811
-0.008107194319703744 -0.004140232308903191 0.05507982554497811
-0.008107194319703744 -0.004140232308903191 0.05507982554497811
-0.008107194319703744 -0.004140232308903191 0.05507982554497811
-0.008107194319703744 -0.004140232308903191 0.05507982554497811
-0.008107194319703744 -0.004140232308903191 0.05507982554497811
-0.008107194319703744 -0.004140232308903191 0.05507982554497811
-0.008107194319703744 -0.004140232308903191 0.05507982554497811
-0.008107194319703744 -0.004140232308903191 0.05507982554497811
-0.008076664463160365 -0.004146077668423277 0.054961092875189105
-0.008107194319703744 -0.004140232308903191 0.05507982554497811
-0.008107194319703744 -0.004140232308903191 0.05507982554497811
-0.008107194319703744 -0.004140232308903191 0.05507982554497811
-0.008107194319703744 -0.004140232308903191 0.05507982554497811
-0.008107194319703744 -0.004140232308903191 0.05507982554497811
-0.008107194319703744 -0.004140232308903191 0.05507982554497811
-0.008107194319703744 -0.004140232308903191 0.05507982554497811
-0.008107194319703744 -0.004140232308903191 0.05507982554497811
-0.008107194319703744 -0.004140232308903191 0.05507982554497811
-0.008039288312875188 -0.0038871901490096362 0.0548712934374246
-0.008107194319703744 -0.004140232308903191 0.05507982554497811
-0.008107194319703744 -0.004140232308903191 0.05507982554497811
0.00899043727365895 0.15795906290569642 0.001923503459063701
0.00899043727365895 0.15795906290569642 0.001923503459063701
-0.008107194319703744 -0.004140232308903191 0.05507982554497811
-0.008107194319703744 -0.004140232308903191 0.05507982554497811
-0.008107194319703744 -0.004140232308903191 0.05507982554497811
-0.008107194319703744 -0.004140232308903191 0.05507982554497811
-0.007935943132241757 -0.0041778336293905064 0.05517482151816373
-0.008107194319703744 -0.004140232308903191 0.05507982554497811
-0.008107194319703744 -0.004140232308903191 0.05507982554497811
-0.008107194319703744 -0.004140232308903191 0.05507982554497811
-0.008107194319703744 -0.004140232308903191 0.05507982554497811
-0.008107194319703744 -0.004140232308903191 0.05507982554497811
-0.008107194319703744 -0.004140232308903191 0.05507982554497811
-0.008114917361582659 -0.004165362264392426 0.05511116951561786
-0.008123191192207396 -0.004170339405681129 0.05511782613756713
-0.008107194319703744 -0.004140232308903191 0.05507982554497811
-0.008107194319703744 -0.004140232308903191 0.05507982554497811
-0.008081735698301682 -0.004153084424632378 0.054876614075654064
-0.008081735698301682 -0.004153084424632378 0.054876614075654064
-0.008107194319703744 -0.004140232308903191 0.05507982554497811
-0.008107194319703744 -0.004140232308903191 0.05507982554497811
-0.008107194319703744 -0.004140232308903191 0.05507982554497811
-0.008107194319703744 -0.004140232308903191 0.05507982554497811
-0.008094113166859363 -0.004155642989455919 0.05513156978413216
-0.008107194319703744 -0.004140232308903191 0.05507982554497811
-0.008107194319703744 -0.004140232308903191 0.05507982554497811
-0.008107194319703744 -0.004140232308903191 0.05507982554497811
-0.008107194319703744 -0.004140232308903191 0.05507982554497811
-0.008107194319703744 -0.004140232308903191 0.05507982554497811
-0.006766658107298506 -0.004484041005356569 0.05513383335409421
-0.008123191192207396 -0.004170339405681129 0.05511782613756713
-0.008107194319703744 -0.004140232308903191 0.05507982554497811
-0.008101221346102342 -0.004141243223241775 0.05510105643262058
-0.008099201931800363 -0.004137390120140347 0.05507580686545671
-0.008107194319703744 -0.004140232308903191 0.05507982554497811
-0.008107194319703744 -0.004140232308903191 0.05507982554497811
-0.008107194319703744 -0.004140232308903191 0.05507982554497811
-0.008107194319703744 -0.004140232308903191 0.05507982554497811
-0.008107194319703744 -0.004140232308903191 0.05507982554497811
-0.008098501213127345 -0.004141236442944265 0.05507816885236541
-0.008107194319703744 -0.004140232308903191 0.05507982554497811
-0.008052984328355505 -0.003911309190160288 0.054881406520421915
0.012340162959659508 0.17849858457282988 0.002791280006402164
-0.008107194319703744 -0.004140232308903191 0.05507982554497811
-0.007988408935930415 -0.004155528509328435 0.05513766999504381
-0.008107194319703744 -0.004140232308903191 0.05507982554497811
-0.008107194319703744 -0.004140232308903191 0.05507982554497811
-0.008107194319703744 -0.004140232308903191 0.05507982554497811
-0.008107194319703744 -0.004140232308903191 0.05507982554497811
-0.008013725082916772 -0.0037647695437762856 0.05483194638200541
-0.008107194319703744 -0.004140232308903191 0.05507982554497811
-0.008107194319703744 -0.004140232308903191 0.05507982554497811
-0.008107194319703744 -0.004140232308903191 0.05507982554497811
-0.008107194319703744 -0.004140232308903191 0.05507982554497811
-0.008107194319703744 -0.004140232308903191 0.05507982554497811
-0.008107194319703744 -0.004140232308903191 0.05507982554497811
-0.008101221346102342 -0.004141243223241775 0.05510105643262058
-0.008107194319703744 -0.004140232308903191 0.05507982554497811
0.0091625184670548 0.1621139442173444 -7.408257365348692e-05
-0.006789009718692791 -0.0044357753113258985 0.055301752778754515
0.01234152925438079 0.1785166359912832 0.002785720697592532
-0.008107194319703744 -0.004140232308903191 0.05507982554497811
-0.008107194319703744 -0.004140232308903191 0.05507982554497811
-0.008107194319703744 -0.004140232308903191 0.05507982554497811
-0.008107194319703744 -0.004140232308903191 0.05507982554497811
0.00899043727365895 0.15795906290569642 0.001923503459063701
0.00921551947462072 0.16339364766133196 -0.0006893390717303802
-0.008107194319703744 -0.004140232308903191 0.05507982554497811
-0.008107194319703744 -0.004140232308903191 0.05507982554497811
0.009124819211657108 0.15806730217177936 0.0017917699031433055
0.009011667341833975 0.15826988898467667 0.0016750969403959571
-0.008107194319703744 -0.004140232308903191 0.05507982554497811
-0.008107194319703744 -0.004140232308903191 0.05507982554497811
-0.008107194319703744 -0.004140232308903191 0.05507982554497811
-0.008107194319703744 -0.004140232308903191 0.05507982554497811
-0.008107194319703744 -0.004140232308903191 0.05507982554497811
-0.008107194319703744 -0.004140232308903191 0.05507982554497811
-0.008107194319703744 -0.004140232308903191 0.05507982554497811
-0.008107194319703744 -0.004140232308903191 0.05507982554497811
-0.008107194319703744 -0.004140232308903191 0.05507982554497811
-0.008107194319703744 -0.004140232308903191 0.05507982554497811
0.009181447398328345 0.16257098116162566 -0.00029381703725237754
-0.008107194319703744 -0.004140232308903191 0.05507982554497811
-0.008107194319703744 -0.004140232308903191 0.05507982554497811
0.012346290930139735 0.178543214725197 0.002783725935020937
-0.008107194319703744 -0.004140232308903191 0.05507982554497811
-0.008107194319703744 -0.004140232308903191 0.05507982554497811
-0.008107194319703744 -0.004140232308903191 0.05507982554497811
0.00899043727365895 0.15795906290569642 0.001923503459063701
0.00899043727365895 0.15795906290569642 0.001923503459063701
-0.008107194319703744 -0.004140232308903191 0.05507982554497811
-0.008108192785614499 -0.004179524075296117 0.055073851132296785
-0.00811735152587685 -0.004171601212492862 0.05513937369681447
-0.00811455851637152 -0.004180669828678903 0.055051087551678334
-0.008107194319703744 -0.004140232308903191 0.05507982554497811
-0.008107194319703744 -0.004140232308903191 0.05507982554497811
-0.008107194319703744 -0.004140232308903191 0.05507982554497811
0.00899043727365895 0.15795906290569642 0.001923503459063701
-0.007900459953807185 0.0007061183070142374 0.05277053939445052
-0.008107194319703744 -0.004140232308903191 0.05507982554497811
-0.007900696887628726 0.0008456252650744213 0.05268272230571746
-0.008107194319703744 -0.004140232308903191 0.05507982554497811
-0.008107194319703744 -0.004140232308903191 0.05507982554497811
-0.008107194319703744 -0.004140232308903191 0.05507982554497811
0.009238234192148968 0.16394209199446955 -0.0009530204280490458
-0.008107194319703744 -0.004140232308903191 0.05507982554497811
-0.008107194319703744 -0.004140232308903191 0.05507982554497811
-0.008257485902743538 -0.0037633819544084816 0.054514669708142574
-0.008107194319703744 -0.004140232308903191 0.05507982554497811
-0.008107194319703744 -0.004140232308903191 0.05507982554497811
-0.004748669965822587 0.016404566468801823 0.05594450317965734
-0.008107194319703744 -0.004140232308903191 0.05507982554497811
-0.008107194319703744 -0.004140232308903191 0.05507982554497811
0.009214142825073554 0.1633604086108388 -0.0006733583834686416
-0.008107194319703744 -0.004140232308903191 0.05507982554497811
-0.00791790500696831 0.00043013713390962105 0.0528824809089892
0.009193805956763135 0.16286937718309855 -0.00043728003414752
0.009013275680332087 0.15829343641490248 0.00165627826473931
0.009015895895061014 0.15794621078996718 0.001720291989739662
-0.008094113166859363 -0.004155642989455919 0.05513156978413216
-0.008094113166859363 -0.004155642989455919 0.05513156978413216
-0.008107194319703744 -0.004140232308903191 0.05507982554497811
-0.008107194319703744 -0.004140232308903191 0.05507982554497811
-0.008107194319703744 -0.004140232308903191 0.05507982554497811
0.009178224861225737 0.16247823574510176 -0.0002461073851895493
0.008991803568380226 0.1579771143241497 0.0019179441502540694
-0.008107194319703744 -0.004140232308903191 0.05507982554497811
-0.008107194319703744 -0.004140232308903191 0.05507982554497811
-0.008107194319703744 -0.004140232308903191 0.05507982554497811
-0.008107194319703744 -0.004140232308903191 0.05507982554497811
-0.008006784781854471 -0.0038379923292808996 0.054733298268614144
-0.008107194319703744 -0.004140232308903191 0.05507982554497811
0.013534712776851407 0.17822981725788808 0.0030017682725792874
-0.008256122951052821 -0.003584743189895659 0.049673432893539864
0.00899043727365895 0.15795906290569642 0.001923503459063701
-0.008107194319703744 -0.004140232308903191 0.05507982554497811
-0.008107194319703744 -0.004140232308903191 0.05507982554497811
-0.008101221346102342 -0.004141243223241775 0.05510105643262058
-0.008107194319703744 -0.004140232308903191 0.05507982554497811
-0.007988408935930415 -0.004155528509328435 0.05513766999504381
-0.008107194319703744 -0.004140232308903191 0.05507982554497811
0.008841508642309872 0.15851455202470388 -0.0034828891923745493
0.00899043727365895 0.15795906290569642 0.001923503459063701
-0.008107194319703744 -0.004140232308903191 0.05507982554497811
-0.008107194319703744 -0.004140232308903191 0.05507982554497811
-0.008107194319703744 -0.004140232308903191 0.05507982554497811
-0.008107194319703744 -0.004140232308903191 0.05507982554497811
0.00899043727365895 0.15795906290569642 0.001923503459063701
-0.008107194319703744 -0.004140232308903191 0.05507982554497811
-0.008107194319703744 -0.004140232308903191 0.05507982554497811
-0.007935943132241757 -0.0041778336293905064 0.05517482151816373
-0.008107194319703744 -0.004140232308903191 0.05507982554497811
-0.008107194319703744 -0.004140232308903191 0.05507982554497811
-0.007935943132241757 -0.0041778336293905064 0.05517482151816373
-0.008107194319703744 -0.004140232308903191 0.05507982554497811
-0.006962455060931076 -0.004396888074165016 0.0552725518269418
0.009013436514181893 0.1582957911579251 0.0016543963971736458
-0.008107194319703744 -0.004140232308903191 0.05507982554497811
-0.008107194319703744 -0.004140232308903191 0.05507982554497811
-0.008107194319703744 -0.004140232308903191 0.05507982554497811
-0.008107194319703744 -0.004140232308903191 0.05507982554497811
-0.008107194319703744 -0.004140232308903191 0.05507982554497811
-0.008107194319703744 -0.004140232308903191 0.05507982554497811
-0.008107194319703744 -0.004140232308903191 0.05507982554497811
-0.008107194319703744 -0.004140232308903191 0.05507982554497811
-0.008072653102580976 -0.0041638313498442645 0.055167657363737015
0.00899043727365895 0.15795906290569642 0.001923503459063701
-0.008107194319703744 -0.004140232308903191 0.05507982554497811
-0.008107194319703744 -0.004140232308903191 0.05507982554497811
-0.008107194319703744 -0.004140232308903191 0.05507982554497811
-0.008107194319703744 -0.004140232308903191 0.05507982554497811
0.009034819903880753 0.16298025941533226 -0.005728881743759475
0.009002536240694694 0.15799215345332118 0.0019214730205560728
0.012340162959659508 0.17849858457282988 0.002791280006402164
-0.006695808935238031 -0.004455877375090815 0.055383608323624406
-0.006695808935238031 -0.004455877375090815 0.055383608323624406
0.009193805956763135 0.16286937718309855 -0.00043728003414752
-0.008107194319703744 -0.004140232308903191 0.05507982554497811
-0.008107194319703744 -0.004140232308903191 0.05507982554497811
-0.008107194319703744 -0.004140232308903191 0.05507982554497811
-0.007935943132241757 -0.0041778336293905064 0.05517482151816373
-0.008107194319703744 -0.004140232308903191 0.05507982554497811
-0.008107194319703744 -0.004140232308903191 0.05507982554497811
0.00899043727365895 0.15795906290569642 0.001923503459063701
-0.00810623279040536 -0.004125887222661742 0.05508581632350592
-0.008107194319703744 -0.004140232308903191 0.05507982554497811
-0.008107194319703744 -0.004140232308903191 0.05507982554497811
-0.008107194319703744 -0.004140232308903191 0.05507982554497811
-0.006789412338236843 -0.00022766167627555348 0.05328095657275241
-0.008107194319703744 -0.004140232308903191 0.05507982554497811
-0.008107194319703744 -0.004140232308903191 0.05507982554497811
0.00899043727365895 0.15795906290569642 0.001923503459063701
0.012206201101080099 0.1788798767176399 0.0022166583139668484
0.012340162959659508 0.17849858457282988 0.002791280006402164
0.009118691241176886 0.15802267201941214 0.0017993239745245308
-0.008107194319703744 -0.004140232308903191 0.05507982554497811
-0.008107194319703744 -0.004140232308903191 0.05507982554497811
-0.008107194319703744 -0.004140232308903191 0.05507982554497811
-0.007934824850358216 -0.004168557600650803 0.05515677758412187
-0.00806797135658396 -0.0041470818024643506 0.054959436182576434
-0.008078626076182377 -0.0041628204355056795 0.05514642647609453
-0.008107194319703744 -0.004140232308903191 0.05507982554497811
-0.008076664463160365 -0.004146077668423277 0.054961092875189105
-0.008078626076182377 -0.0041628204355056795 0.05514642647609453
-0.008147637776824021 -0.0041670943584317345 0.05502154086578539
-0.008107194319703744 -0.004140232308903191 0.05507982554497811
0.009124747287120958 0.15806677834369992 0.0017918585659529433
-0.006789009718692791 -0.0044357753113258985 0.055301752778754515
