0.11066980223543416 -0.008976343015046986 -0.010460957767955626
0.11062071152926094 -0.009010669308404965 -0.010522039784409533
0.11733115695701668 -0.010614972687391892 0.0547341025717459
0.11112402068369949 -0.00872708567421874 -0.012058278608052121
0.11479634256952054 -0.010322346017586118 0.053389258995064526
0.110572687283001 -0.008394149384027601 -0.010746543253925715
0.11343702652156115 -0.008706587621271657 -0.010732880547565167
0.11112402068369949 -0.00872708567421874 -0.012058278608052121
0.11068170833265144 -0.009015232559407942 -0.010481235966911511
0.11166777575872695 -0.008612246203585097 -0.01102021676745285
0.11064711994659904 -0.008935065573320617 -0.010577428511494768
0.11060447115437866 -0.008996577710346076 -0.01050448994030834
0.11082245971475906 -0.009039609065553315 -0.010550262485399408
0.1108257210862452 -0.009001256983678972 -0.01051021089174345
0.11065632031348233 -0.009033015365924237 -0.010543009902336437
0.11060447115437866 -0.008996577710346076 -0.01050448994030834
0.1108257210862452 -0.009001256983678972 -0.01051021089174345
0.11333632007528355 -0.0012545447069973003 -0.013911150131880946
0.1146264719472781 -0.010443283861025226 0.0543712047583184
0.1107498832408436 -0.006636641774203764 -0.01143516474390861
0.11060447115437866 -0.008996577710346076 -0.01050448994030834
0.11365077050283746 -0.008500749283707811 -0.012309310898087351
0.11065197590329146 -0.008978715885393474 -0.010448756905461648
0.11106225003768937 -0.008958068342354858 -0.01054931708425977
0.11060447115437866 -0.008996577710346076 -0.01050448994030834
0.11060447115437866 -0.008996577710346076 -0.01050448994030834
0.11160762920008267 -0.0011362648441443758 -0.014151105466793776
0.11060447115437866 -0.008996577710346076 -0.01050448994030834
0.11080800874233898 -0.009164989723021438 -0.010555341727545454
0.11060872215556394 -0.00899969073192045 -0.01050856753131099
0.11454923476900533 -0.010424629011963362 0.05434795078492158
0.11454923476900533 -0.010424629011963362 0.05434795078492158
0.11357930124257919 -0.0012588971571793157 -0.01388632521663816
0.1127973132868621 0.00048439684520382143 -0.015192817114828294
0.12686292347438285 0.17526273027388262 0.06122945846418735
0.12686292347438285 0.17526273027388262 0.06122945846418735
0.12686292347438285 0.17526273027388262 0.06122945846418735
0.11228215315158599 -0.00911136746216764 -0.01027161502247763
0.11095240526896129 -0.0064300356122130205 -0.013013152786188862
0.11068113858585271 -0.009101225884157507 -0.010556847647019583
0.11641394931885563 -0.010552215837566591 0.05460678723205337
0.11060447115437866 -0.008996577710346076 -0.01050448994030834
0.11060447115437866 -0.008996577710346076 -0.01050448994030834
0.11060447115437866 -0.008996577710346076 -0.01050448994030834
0.11060447115437866 -0.008996577710346076 -0.01050448994030834
0.11060447115437866 -0.008996577710346076 -0.01050448994030834
0.11059671226020215 -0.009004430079971214 -0.010516441824935878
0.11163590303960949 -0.008583351800754197 -0.010982890074734592
0.11130217495006739 -0.008537117950055503 -0.011904529717108338
0.11069823277347236 -0.009124558810313904 -0.010568521606152525
0.11377969134340056 -0.00922681188457734 -0.010083549554514251
0.11043541316161215 -0.009174197880894285 -0.01091003242180872
0.11454923476900533 -0.010424629011963362 0.05434795078492158
0.11720611828966139 -0.010396742477539973 0.05482257090507662
0.11080288048605309 -0.009157989845174522 -0.010551839539805577
0.11068170833265144 -0.009015232559407942 -0.010481235966911511
0.11060447115437866 -0.008996577710346076 -0.01050448994030834
0.11432220527504977 -0.008798342872522975 -0.010495701292311248
0.11159857431839645 -0.007875826943987637 -0.011267170757705777
0.11092149865558176 -0.008933691836209486 -0.010480290565771877
0.11228215315158599 -0.00911136746216764 -0.01027161502247763
0.11261225617600841 -0.00916430296156381 -0.010140720907057886
0.11161866786677857 -0.0011299351294428712 -0.014162789836327854
0.11238417090757305 -0.009118347684230364 -0.010257454188313404
0.11060447115437866 -0.008996577710346076 -0.01050448994030834
0.11454923476900533 -0.010424629011963362 0.05434795078492158
0.11558066665423614 -0.010011403102371481 0.05386955065049533
0.11068170833265144 -0.009015232559407942 -0.010481235966911511
0.11454923476900533 -0.010424629011963362 0.05434795078492158
0.11106225003768937 -0.008958068342354858 -0.01054931708425977
0.11255372441802357 -0.00912994881329862 -0.01023391888193246
0.11060447115437866 -0.008996577710346076 -0.01050448994030834
0.11087722203771667 -0.008892368374122854 -0.011441446867304136
0.11690665203419427 -0.010379672546794266 0.05477304251496811
0.1125882064195472 -0.009132308128355821 -0.010229132519984951
0.11340113137732065 -0.0009673897194046607 -0.014035231018892591
0.11248283181460311 -0.009138468379925409 -0.010231226439742088
0.11060447115437866 -0.008996577710346076 -0.01050448994030834
0.11060447115437866 -0.008996577710346076 -0.01050448994030834
0.11067075936172632 -0.008973759278931083 -0.010469366184798937
0.12020522979691244 0.17731654288477341 -0.005778763684293011
0.11060447115437866 -0.008996577710346076 -0.01050448994030834
0.11238417090757305 -0.009118347684230364 -0.010257454188313404
0.11633988667688124 -0.00982020316113472 0.054194921307350916
0.11092149865558176 -0.008933691836209486 -0.010480290565771877
0.11110508840495671 -0.008961317287503313 -0.010545941763367867
0.11060447115437866 -0.008996577710346076 -0.01050448994030834
0.11247160986144455 -0.009137700555498505 -0.01023278413150015
0.11060447115437866 -0.008996577710346076 -0.01050448994030834
0.11192347457381426 -0.008485133858663061 -0.012053109863825259
0.11060447115437866 -0.008996577710346076 -0.01050448994030834
0.11060447115437866 -0.008996577710346076 -0.01050448994030834
0.11686058030258392 -0.010377046403602621 0.054765422762643706
0.11237566942790748 -0.009117765999058473 -0.01025863425782709
0.11074267461363892 -0.009024707013501594 -0.010580981315453134
0.12039611199942879 0.178954598409005 -0.005042185336066103
0.11060378942150373 -0.009014559821986323 -0.010469740603888814
0.11265247760581905 -0.009136705668255337 -0.01022021119446149
0.11068170833265144 -0.009015232559407942 -0.010481235966911511
0.11060447115437866 -0.008996577710346076 -0.01050448994030834
0.11240559463633035 -0.009119813530863535 -0.010254480413138912
0.11060447115437866 -0.008996577710346076 -0.01050448994030834
0.1122509297926593 -0.008346058823370996 -0.01161586114742368
0.11092149865558176 -0.008933691836209486 -0.010480290565771877
0.11688361616838908 -0.010378359475198443 0.054769232638805905
0.11688361616838908 -0.010378359475198443 0.054769232638805905
0.11201792793764154 -0.008507860242754184 -0.011987973400593365
0.1108457446703031 -0.008896709646200693 -0.011440546747679217
0.11060447115437866 -0.008996577710346076 -0.01050448994030834
0.11060447115437866 -0.008996577710346076 -0.01050448994030834
0.11060447115437866 -0.008996577710346076 -0.01050448994030834
0.1106039126937496 -0.009011308262073296 -0.010476024045542758
0.11064293099217591 -0.008941107281070197 -0.010570264502047363
0.11189703240319833 -0.008641764768899936 -0.010845565662851475
0.11189703240319833 -0.008641764768899936 -0.010845565662851475
0.11087890784640651 -0.009055657557571671 -0.01035342272874958
0.11123582182735973 -0.008699776176344796 -0.011391673933320282
0.11060447115437866 -0.008996577710346076 -0.01050448994030834
0.11060447115437866 -0.008996577710346076 -0.01050448994030834
0.11163590303960949 -0.008583351800754197 -0.010982890074734592
0.11202618728420147 0.0005047270667343513 -0.016401419183973472
0.11068170833265144 -0.009015232559407942 -0.010481235966911511
0.11301787601166327 0.0022451910988383556 -0.016006549226606128
0.11331358503681681 -0.008698141552575754 -0.010750015156903886
0.11454923476900533 -0.010424629011963362 0.05434795078492158
0.11195293054081257 -0.008520465926617609 -0.01095869070019812
0.11337882747361153 -0.0012574531328567702 -0.013905249784312516
0.11237566942790748 -0.009117765999058473 -0.01025863425782709
0.11164971974745486 -0.0008064615071009482 -0.01430411031405889
0.11163590303960949 -0.008583351800754197 -0.010982890074734592
0.11068496970413758 -0.008976880477533603 -0.010441184373255554
0.11061345166895027 -0.009001924980345171 -0.010508315340523587
0.11454863895315028 -0.010440344884876345 0.054378320752915627
0.11249405376776171 -0.009139236204352308 -0.010229668747984024
0.11060447115437866 -0.008996577710346076 -0.01050448994030834
0.11256342584183293 -0.00914398275535496 -0.010220039380752347
0.11331358503681681 -0.008698141552575754 -0.010750015156903886
0.11454923476900533 -0.010424629011963362 0.05434795078492158
0.11087302542902627 -0.008922043314197414 -0.011424621090446885
0.1146264719472781 -0.010443283861025226 0.0543712047583184
0.11239437268317175 -0.00911904570643664 -0.010256038104896982
0.11060447115437866 -0.008996577710346076 -0.01050448994030834
0.11060447115437866 -0.008996577710346076 -0.01050448994030834
0.11060447115437866 -0.008996577710346076 -0.01050448994030834
0.1108656976045545 -0.009043019700386205 -0.010547256027243818
0.11289018253360181 -0.009191394986699804 -0.010308571327708349
0.11299467158827446 -0.0003578333347927628 -0.014745560670009908
0.11060447115437866 -0.008996577710346076 -0.01050448994030834
0.11060447115437866 -0.008996577710346076 -0.01050448994030834
0.11075314268400134 -0.009004626761764853 -0.010584927013242866
0.11238417090757305 -0.009118347684230364 -0.010257454188313404
0.11454923476900533 -0.010424629011963362 0.05434795078492158
0.11335783400854556 -0.008681503902542024 -0.010698101831610542
0.11163590303960949 -0.008583351800754197 -0.010982890074734592
0.11060447115437866 -0.008996577710346076 -0.01050448994030834
0.11454923476900533 -0.010424629011963362 0.05434795078492158
0.11463923566682273 -0.010547476868176777 0.054286487390086645
0.11096566469403235 -0.008869921836256246 -0.01224083674437615
0.11060447115437866 -0.008996577710346076 -0.01050448994030834
0.11060447115437866 -0.008996577710346076 -0.01050448994030834
0.11248618866356012 -0.009125327906293092 -0.010243293354149172
0.11062913432386193 -0.008985992485313857 -0.010509969210177007
0.11454923476900533 -0.010424629011963362 0.05434795078492158
0.11319368231282355 -0.009192892618271992 -0.010168858178759595
0.11060447115437866 -0.008996577710346076 -0.01050448994030834
0.11060447115437866 -0.008996577710346076 -0.01050448994030834
0.11278127261939813 -0.009268856875596379 -0.010280503701762108
0.11196108603980026 7.033655400887176e-05 -0.016193587320738057
0.11163590303960949 -0.008583351800754197 -0.010982890074734592
0.11195056340295721 -1.2114280251984286e-05 -0.016155336108921777
0.11508808040318025 -0.010371704838746665 0.054538018337578854
0.11312635059387209 -0.009188285671710593 -0.01017820432930798
0.1146264719472781 -0.010443283861025226 0.0543712047583184
0.11783111319901725 0.14563993182432655 -0.00635217056863269
0.1146264719472781 -0.010443283861025226 0.0543712047583184
0.11238357848764761 -0.009133973982490095 -0.01022725731788557
0.11080687367358888 -0.009040150272836372 -0.010393074866895167
0.11454923476900533 -0.010424629011963362 0.05434795078492158
0.11176068954857303 -0.008465408585576298 -0.010923073660717254
0.11252903612107469 -0.00912825959955944 -0.010237345803800202
0.11060447115437866 -0.008996577710346076 -0.01050448994030834
0.11077719059685803 -0.009020841455869476 -0.010541403534095032
0.11060447115437866 -0.008996577710346076 -0.01050448994030834
0.11228215315158599 -0.00911136746216764 -0.01027161502247763
0.11174804137483947 -0.00021872044224272773 -0.014577348066641523
0.11060447115437866 -0.008996577710346076 -0.01050448994030834
0.11176068954857303 -0.008465408585576298 -0.010923073660717254
0.11058550787814188 -0.00901704270035794 -0.010553321011654255
0.11331358503681681 -0.008698141552575754 -0.010750015156903886
0.11171640158936844 -0.00856365456794172 -0.010919584507681806
0.11060447115437866 -0.008996577710346076 -0.01050448994030834
0.12004619067256049 0.15654824265046532 -0.011535365072532246
0.11075086001579944 -0.008429269787093857 -0.010536036689859125
0.11082262552673153 -0.008804774353127336 -0.01210225483120566
0.1108457446703031 -0.008896709646200693 -0.011440546747679217
0.11163590303960949 -0.008583351800754197 -0.010982890074734592
0.11080687367358888 -0.009040150272836372 -0.010393074866895167
0.11108120885190038 -0.008935411172926757 -0.010572412008240478
0.11209328177676268 -0.008468667195217565 -0.011932867381578002
0.1125245760602214 0.0004464759408391599 -0.015685807147909025
0.11084670664575902 -0.008664844063028304 -0.01212049934768191
0.11060447115437866 -0.008996577710346076 -0.01050448994030834
0.1125245760602214 0.0004464759408391599 -0.015685807147909025
0.11060447115437866 -0.008996577710346076 -0.01050448994030834
0.11060447115437866 -0.008996577710346076 -0.01050448994030834
0.11060447115437866 -0.008996577710346076 -0.01050448994030834
0.11075314268400134 -0.009004626761764853 -0.010584927013242866
0.11060447115437866 -0.008996577710346076 -0.01050448994030834
0.11176068954857303 -0.008465408585576298 -0.010923073660717254
0.11060447115437866 -0.008996577710346076 -0.01050448994030834
0.11060447115437866 -0.008996577710346076 -0.01050448994030834
0.11060447115437866 -0.008996577710346076 -0.01050448994030834
0.11075314268400134 -0.009004626761764853 -0.010584927013242866
0.11071750787439974 -0.008339535967729447 -0.010592497098952788
0.11068677966776724 -0.00910892574978912 -0.010560700053533451
0.11076421021546605 -0.009112845793597552 -0.010505076999372125
0.11188692862547162 -0.00863739178044082 -0.010844709808073148
0.11060447115437866 -0.008996577710346076 -0.01050448994030834
0.1125245760602214 0.0004464759408391599 -0.015685807147909025
0.11060447115437866 -0.008996577710346076 -0.01050448994030834
0.11248556228433831 -0.009141849951085338 -0.010211365508059103
0.11060447115437866 -0.008996577710346076 -0.01050448994030834
0.11246140808584586 -0.009137002533292232 -0.010234200214916576
0.11060447115437866 -0.008996577710346076 -0.01050448994030834
0.11060447115437866 -0.008996577710346076 -0.01050448994030834
0.11060447115437866 -0.008996577710346076 -0.01050448994030834
0.11060447115437866 -0.008996577710346076 -0.01050448994030834
0.11240559463633035 -0.009119813530863535 -0.010254480413138912
0.11239437268317175 -0.00911904570643664 -0.010256038104896982
0.11060447115437866 -0.008996577710346076 -0.01050448994030834
0.11060447115437866 -0.008996577710346076 -0.01050448994030834
0.11243590364684909 -0.00913525747777655 -0.010237740423457634
0.11060447115437866 -0.008996577710346076 -0.01050448994030834
0.11477263524959187 -0.010472721947953997 0.0544709244566042
0.11454923476900533 -0.010424629011963362 0.05434795078492158
0.11241681658948893 -0.009120581355290435 -0.010252922721380845
0.11477521047127012 -0.010473276333383285 0.0544723420205429
0.11166777575872695 -0.008612246203585097 -0.01102021676745285
0.11060447115437866 -0.008996577710346076 -0.01050448994030834
0.11477521047127012 -0.010473276333383285 0.0544723420205429
0.11060447115437866 -0.008996577710346076 -0.01050448994030834
0.11060447115437866 -0.008996577710346076 -0.01050448994030834
0.11166982484344833 -0.008534426554873704 -0.011040903626238918
0.11081113269405672 -0.009041067141046348 -0.01039073043422731
0.11649624364201852 -0.010557846550030526 0.054618210304945854
0.11060447115437866 -0.008996577710346076 -0.01050448994030834
0.11060447115437866 -0.008996577710346076 -0.01050448994030834
0.11477006002791364 -0.010472167562524714 0.05446950689266549
0.11060447115437866 -0.008996577710346076 -0.01050448994030834
0.11060447115437866 -0.008996577710346076 -0.01050448994030834
0.11060447115437866 -0.008996577710346076 -0.01050448994030834
0.11060287742690351 -0.008971325474525492 -0.010495978980853832
0.11228215315158599 -0.00911136746216764 -0.01027161502247763
0.11078393253687559 -0.008811703729789797 -0.010347942397099338
0.1108694740427273 -0.0090712397083509 -0.010688232769789646
0.11477006002791364 -0.010472167562524714 0.05446950689266549
0.11074522253648625 -0.009020954216491447 -0.010573516458796237
0.11164694170630537 -0.00857702208605269 -0.01099457444426868
0.11075314268400134 -0.009004626761764853 -0.010584927013242866
0.11087038204847295 -0.009071607184906435 -0.010689071094190357
0.11260627329934748 -0.009146914448621304 -0.010214091830403378
0.11060447115437866 -0.008996577710346076 -0.01050448994030834
0.11454923476900533 -0.010424629011963362 0.05434795078492158
0.11068113858585271 -0.009101225884157507 -0.010556847647019583
0.11163590303960949 -0.008583351800754197 -0.010982890074734592
0.11160762920008267 -0.0011362648441443758 -0.014151105466793776
0.11163590303960949 -0.008583351800754197 -0.010982890074734592
0.1133908222150896 -0.008716796401637627 -0.010726761183507056
0.11060447115437866 -0.008996577710346076 -0.01050448994030834
0.11094875902362993 -0.00905606481262914 -0.010479237923912168
0.11094875902362993 -0.00905606481262914 -0.010479237923912168
0.11163590303960949 -0.008583351800754197 -0.010982890074734592
0.11092149865558176 -0.008933691836209486 -0.010480290565771877
0.11454923476900533 -0.010424629011963362 0.05434795078492158
0.11778843765832012 0.14644879976402525 -0.006677170500623615
0.11242803854264749 -0.00912134917971734 -0.01025136502962279
0.11060447115437866 -0.008996577710346076 -0.01050448994030834
0.11080699318249639 -0.00878997154835533 -0.012082477982588592
0.11163590303960949 -0.008583351800754197 -0.010982890074734592
0.11163590303960949 -0.008583351800754197 -0.010982890074734592
0.11331358503681681 -0.008698141552575754 -0.010750015156903886
0.11060447115437866 -0.008996577710346076 -0.01050448994030834
0.11242803854264749 -0.00912134917971734 -0.01025136502962279
0.11060447115437866 -0.008996577710346076 -0.01050448994030834
0.11060447115437866 -0.008996577710346076 -0.01050448994030834
0.11060447115437866 -0.008996577710346076 -0.01050448994030834
0.11163590303960949 -0.008583351800754197 -0.010982890074734592
0.11060447115437866 -0.008996577710346076 -0.01050448994030834
0.11060447115437866 -0.008996577710346076 -0.01050448994030834
0.11060447115437866 -0.008996577710346076 -0.01050448994030834
0.11060447115437866 -0.008996577710346076 -0.01050448994030834
0.11384725278447445 -0.008768082330911595 -0.010582239332647075
0.11060447115437866 -0.008996577710346076 -0.01050448994030834
0.11060447115437866 -0.008996577710346076 -0.01050448994030834
0.11228215315158599 -0.00911136746216764 -0.01027161502247763
0.11060553467025411 -0.0089657753359441 -0.010517025255098707
0.11188782905263181 -0.008637585621500013 -0.01084421415634633
0.11559097581646716 -0.0022619964201385182 0.05056108081510977
0.11060447115437866 -0.008996577710346076 -0.01050448994030834
0.11060447115437866 -0.008996577710346076 -0.01050448994030834
0.1120258900178959 -0.008570459688559318 -0.010900301724398067
0.11060447115437866 -0.008996577710346076 -0.01050448994030834
0.11170947064435531 0.002033704904313996 -0.016106692983662484
0.11255439592011304 -0.009065718005597675 -0.010370475655206867
0.1125790581860681 -0.009158785560126965 -0.010239816229369415
0.11060447115437866 -0.008996577710346076 -0.01050448994030834
0.11184464123493962 -0.008638883709652281 -0.010894477014417626
0.11060542828067078 -0.008993993974230176 -0.010512898357151643
0.11104503010427523 -0.008897273485621202 -0.01231051645368808
0.11060447115437866 -0.008996577710346076 -0.01050448994030834
0.11270209759017367 -0.00917180808467126 -0.010124443504833706
0.11246918570422895 -0.009124164535949308 -0.010245653493176549
0.1146264719472781 -0.010443283861025226 0.0543712047583184
0.11060447115437866 -0.008996577710346076 -0.01050448994030834
0.11077914434032514 -0.008972028970610956 -0.01063153001030057
0.12032947991683528 0.17965314437867175 -0.004997041695749203
0.1125245760602214 0.0004464759408391599 -0.015685807147909025
0.11240559463633035 -0.009119813530863535 -0.010254480413138912
0.11060447115437866 -0.008996577710346076 -0.01050448994030834
0.11060447115437866 -0.008996577710346076 -0.01050448994030834
0.11060447115437866 -0.008996577710346076 -0.01050448994030834
0.11060447115437866 -0.008996577710346076 -0.01050448994030834
0.11074522253648625 -0.009020954216491447 -0.010573516458796237
0.11083559729999991 -0.009046333802624573 -0.010377263576809615
0.11060447115437866 -0.008996577710346076 -0.01050448994030834
0.11163590303960949 -0.008583351800754197 -0.010982890074734592
0.11060447115437866 -0.008996577710346076 -0.01050448994030834
0.11060447115437866 -0.008996577710346076 -0.01050448994030834
0.11666738575216011 -0.010484978958344235 0.05462215968662748
0.11331358503681681 -0.008698141552575754 -0.010750015156903886
0.11301167222822556 -0.009094293686778313 -0.011002577568164388
0.11060447115437866 -0.008996577710346076 -0.01050448994030834
0.11072704953974345 -0.00904644266935968 -0.010616335913296188
0.11060447115437866 -0.008996577710346076 -0.01050448994030834
0.11163590303960949 -0.008583351800754197 -0.010982890074734592
0.11455821528357689 -0.010429976281962452 0.05434412538470634
0.11060447115437866 -0.008996577710346076 -0.01050448994030834
0.11060447115437866 -0.008996577710346076 -0.01050448994030834
0.11272971478409184 -0.009155360517317206 -0.01019695722106466
0.11195293054081257 -0.008520465926617609 -0.01095869070019812
0.11060447115437866 -0.008996577710346076 -0.01050448994030834
0.11060447115437866 -0.008996577710346076 -0.01050448994030834
0.11092149865558176 -0.008933691836209486 -0.010480290565771877
0.11454923476900533 -0.010424629011963362 0.05434795078492158
0.11060447115437866 -0.008996577710346076 -0.01050448994030834
0.11060447115437866 -0.008996577710346076 -0.01050448994030834
