0.20311923706900709 -0.022229883165040133 -0.0015005044443966553
0.20311923706900709 -0.022229883165040057 -0.0015005044443967533
0.20394055793552096 -0.021847857756536335 -0.0008195159897624515
0.2124777393111734 -0.020819599183981727 -0.002868769390538118
0.2038466878587775 -0.021714267634383493 -0.0016441346006257887
0.2033967195373856 -0.021698125354035907 -0.001754471356804295
0.20327579797997802 -0.021925959796738025 -0.0015715554659180798
0.20311923706900709 -0.022229883165040057 -0.0015005044443967533
0.20860375589162616 -0.021006771832683825 -0.002459861434007047
0.20693434335547395 -0.0004364637805058066 -0.0046329590255510585
0.20311923706900709 -0.022229883165040057 -0.0015005044443967533
0.20311923706900709 -0.022229883165040057 -0.0015005044443967533
0.20387263278957193 -0.009281398018672466 0.06159239682016372
0.20311923706900709 -0.022229883165040057 -0.0015005044443967533
0.20374288466268892 -0.010155698847701618 0.05536480392464295
0.20419072122859372 -0.017826371173061753 -0.0008715292706220965
0.20302924950575182 -0.022947736973462536 -0.0008507012967591536
0.2035729180066401 -0.008717628668904662 0.061973522555921486
0.21009690680327534 -0.020688517236168016 -0.0019093736152808582
0.20311923706900709 -0.022229883165040057 -0.0015005044443967533
0.20311923706900709 -0.022229883165040057 -0.0015005044443967533
0.20321887898457638 -0.022196313376665708 -0.0014044914451256081
0.20383989367432853 -0.010255436866194467 0.05601283020202846
0.20311923706900709 -0.022229883165040057 -0.0015005044443967533
0.20311923706900709 -0.022229883165040057 -0.0015005044443967533
0.20311923706900709 -0.022229883165040057 -0.0015005044443967533
0.20375061158357738 -0.00929387478209921 0.06080206975403497
0.20311923706900709 -0.022229883165040057 -0.0015005044443967533
0.20303567718884144 -0.02289646170143237 -0.0008971158073046968
0.20884640996293186 -0.020444741819682692 -0.0029650893771385194
0.20997541015155302 -0.016990400693748648 -0.0022594555221378113
0.20311923706900709 -0.022229883165040057 -0.0015005044443967533
0.20311923706900709 -0.022229883165040057 -0.0015005044443967533
0.21109223164956598 -0.02048063975447055 -0.0032151874054131275
0.21045845318037498 -0.01695322938455436 -0.002358296570947108
0.20605694647697292 -0.008594765522937645 0.06009158754446464
0.20899550723609903 -0.020919406737515515 -0.002528386933264925
0.210112853288384 -0.020699052492391307 -0.003043873657268433
0.20922820694127048 -0.02053764238656471 -0.002963450784372017
0.20311923706900709 -0.022229883165040057 -0.0015005044443967533
0.20311923706900709 -0.022229883165040057 -0.0015005044443967533
0.2031689078312614 -0.02191570646855693 -0.0012738998921131546
0.2033519566620872 -0.021516163196653934 -0.001511308529831822
0.20381853672952654 -0.021860334519963078 -0.0016098430558912139
0.20362943913046563 -0.020984405385649798 -0.0017652754422393638
0.2045689751656173 0.0014930326802459943 0.11267897773505128
0.20311923706900709 -0.022229883165040057 -0.0015005044443967533
0.20381342433305133 -0.015006575156781698 -0.0015793083909595494
0.20313868960163547 -0.020235247313457414 -0.0015578637336626645
0.20396107493243024 -0.02160304819124146 -0.0021634964235804337
0.21057009898452325 -0.019976870841238486 -0.0031860930898689336
0.21057009898452325 -0.019976870841238486 -0.0031860930898689336
0.20313868960163547 -0.020235247313457414 -0.0015578637336626645
0.20311923706900709 -0.022229883165040057 -0.0015005044443967533
0.20311923706900709 -0.022229883165040057 -0.0015005044443967533
0.20311923706900709 -0.022229883165040057 -0.0015005044443967533
0.20311923706900709 -0.022229883165040057 -0.0015005044443967533
0.20311923706900709 -0.022229883165040057 -0.0015005044443967533
0.20311923706900709 -0.022229883165040057 -0.0015005044443967533
0.20321887898457638 -0.022196313376665708 -0.0014044914451256081
0.20311923706900709 -0.022229883165040057 -0.0015005044443967533
0.20311923706900709 -0.022229883165040057 -0.0015005044443967533
0.20337689597134473 -0.02223682202496798 -0.0017347234820687463
0.20327613447771564 -0.022383271706082945 -0.0016167815671613947
0.20327613447771564 -0.022383271706082945 -0.0016167815671613947
0.20327613447771564 -0.022383271706082945 -0.0016167815671613947
0.20327613447771564 -0.022383271706082945 -0.0016167815671613947
0.20327613447771564 -0.022383271706082945 -0.0016167815671613947
0.20327613447771564 -0.022383271706082945 -0.0016167815671613947
0.20327613447771564 -0.022383271706082945 -0.0016167815671613947
0.20327613447771564 -0.022383271706082945 -0.0016167815671613947
0.20327613447771564 -0.022383271706082945 -0.0016167815671613947
0.20327613447771564 -0.022383271706082945 -0.0016167815671613947
0.20327579797997802 -0.021925959796738025 -0.0015715554659180798
0.208505818055508 -0.021028613106475892 -0.0024427300591925737
0.20311923706900709 -0.022229883165040057 -0.0015005044443967533
0.20548865731308102 -0.0008270568408537822 -0.0030380056191768893
0.22209850802620623 0.10709540507704285 -0.031547688726719474
0.20899550723609903 -0.020919406737515515 -0.002528386933264925
0.20311923706900709 -0.022229883165040057 -0.0015005044443967533
0.21288166714105497 -0.01928928388625565 -0.004721462836847689
0.20472627230188306 -0.021900322550955458 -0.0021016480424726064
0.20472627230188306 -0.021900322550955458 -0.0021016480424726064
0.21288166714105497 -0.01928928388625565 -0.004721462836847689
0.21288166714105497 -0.01928928388625565 -0.004721462836847689
0.21532408687825041 0.12039438249876505 0.040834142859034264
0.20311923706900709 -0.022229883165040057 -0.0015005044443967533
0.21702681094673146 0.13899378981138152 0.0247318120880993
0.20311923706900709 -0.022229883165040057 -0.0015005044443967533
0.20311923706900709 -0.022229883165040057 -0.0015005044443967533
0.20311923706900709 -0.022229883165040057 -0.0015005044443967533
0.22311623101951283 0.10756291959721215 -0.03133564205132826
0.21211806383825804 -0.01981360361483768 -0.005013023391015858
0.20309311971884458 -0.022334874208118735 -0.0016028643449846564
0.209623164107793 -0.02080825886135168 -0.002958216783196085
0.20393023540000105 -0.022373888190135065 -0.001102994101743862
0.209623164107793 -0.02080825886135168 -0.002958216783196085
0.22766835673589603 0.11309726180607065 -0.032509994381994346
0.2248141989904847 0.11292470913944848 -0.031219248595250004
0.20497476936401735 -5.508767658920931e-05 -0.003769422361877968
0.20311923706900709 -0.022229883165040057 -0.0015005044443967533
0.20314781141751578 -0.02116568231969795 -2.19988911087819e-05
0.2032844673811474 -0.021903182516561464 -0.001483781341145947
0.205339487321731 0.003146310038706689 -0.003997540493675569
0.20311923706900709 -0.022229883165040057 -0.0015005044443967533
0.20387263278957193 -0.009281398018672466 0.06159239682016372
0.20520109464724312 -0.021776316875687624 -0.002540257942640445
0.22226878972719757 0.1070708602429117 -0.031694276760674545
0.20846130085727238 -0.021038540958199566 -0.0024349430706405444
0.21041910693764218 -0.019784929177519346 -0.003591855503706945
0.20311923706900709 -0.022229883165040057 -0.0015005044443967533
0.21037181339284367 -0.020572602364091287 -0.0030942078221375467
0.2052740869362878 -0.00963089270440692 0.0608043147930512
0.2164528341153039 0.12723378219052622 -0.0319068917286567
0.20314781141751578 -0.02116568231969795 -2.19988911087819e-05
0.2168807554106991 0.12974583529834952 -0.03260361303519852
0.2168807554106991 0.12974583529834952 -0.03260361303519852
0.21660740441926016 0.12725644006152714 -0.032351777881797196
0.20311923706900709 -0.022229883165040057 -0.0015005044443967533
0.21459730182029368 0.10505898670207539 -0.02963797381117545
0.21459730182029368 0.10505898670207539 -0.02963797381117545
0.20311923706900709 -0.022229883165040057 -0.0015005044443967533
0.2031051883299593 -0.022330396610119277 -0.0016301284097715717
0.20311923706900709 -0.022229883165040057 -0.0015005044443967533
0.20311923706900709 -0.022229883165040057 -0.0015005044443967533
0.21558938201755629 0.12135065444639775 0.027830134452668572
0.20311923706900709 -0.022229883165040057 -0.0015005044443967533
0.21632029609423178 0.12564986822706548 -0.03174482616312229
0.20311923706900709 -0.022229883165040057 -0.0015005044443967533
0.206145003930892 -0.02055465644652759 -0.0031302461258722845
0.21471316959926692 0.10782275163411068 -0.03039155075862453
0.20327579797997802 -0.021925959796738025 -0.0015715554659180798
0.20311923706900709 -0.022229883165040057 -0.0015005044443967533
0.20314212354947891 -0.02225724098463729 -0.0014617759281715826
0.2031489260352935 -0.022136716343179107 -0.0015748638707881793
0.2051151787694504 -0.0008637045228359674 -0.003759334640805661
0.20311923706900709 -0.022229883165040057 -0.0015005044443967533
0.21462699078657996 0.10515215352393636 -0.029712333237566876
0.20311923706900709 -0.022229883165040057 -0.0015005044443967533
0.21635233323002961 0.1280459434853486 -0.0308040206789125
0.20311923706900709 -0.022229883165040057 -0.0015005044443967533
0.20263129936055352 -0.0231610445498752 -0.0001821240724524535
0.209623164107793 -0.02080825886135168 -0.002958216783196085
0.20311923706900709 -0.022229883165040057 -0.0015005044443967533
0.20349408002878183 -0.01816710579423229 -0.0007569169892328531
0.2031689078312614 -0.02191570646855693 -0.0012738998921131546
0.21474170769555492 0.10901709781209037 -0.029064544425975718
0.20294154349206978 -0.021653637051845507 -0.000329051642510212
0.2038826262548057 -0.00658907302930247 0.07382897163188892
0.2031689078312614 -0.02191570646855693 -0.0012738998921131546
