-0.013257684788948858 -0.0021430081565090757 -0.0024680912427192214
-0.013257684788948858 -0.0021430081565090757 -0.0024680912427192214
-0.013257684788948858 -0.0021430081565090757 -0.0024680912427192214
-0.013239783983004308 -0.0017466268231507056 -0.0027487800713191708
-0.013257684788948858 -0.0021430081565090757 -0.0024680912427192214
-0.012980202320570362 -0.0016112503455049355 -0.0027220581551267637
-0.011269614472866432 0.021615701295402544 -0.004899074725734811
-0.01340315168401897 -0.002645635788581597 -0.0031552467519999233
-0.013257684788948858 -0.0021430081565090757 -0.0024680912427192214
-0.013257684788948858 -0.0021430081565090757 -0.0024680912427192214
-0.012332096018955832 0.014333479276115118 0.07761642116686814
-0.013257684788948858 -0.0021430081565090757 -0.0024680912427192214
-0.013257684788948858 -0.0021430081565090757 -0.0024680912427192214
-0.010956881474123792 0.005849559097198417 -0.002745609836579926
-0.011008674543546404 0.0053425257868161356 -0.0022308868981088955
-0.01165064955607278 -0.0018134475424244863 -0.003069234840795076
-0.013257684788948858 -0.0021430081565090757 -0.0024680912427192214
-0.01070577028491762 0.027293887648809176 -0.0017277392865586122
-0.013257684788948858 -0.0021430081565090757 -0.0024680912427192214
-0.013257684788948858 -0.0021430081565090757 -0.0024680912427192214
-0.013257684788948858 -0.0021430081565090757 -0.0024680912427192214
-0.013257684788948858 -0.0021430081565090757 -0.0024680912427192214
-0.013257684788948858 -0.0021430081565090757 -0.0024680912427192214
-0.013270807681228592 -0.0021590261499311847 -0.002501737609160423
-0.013257684788948858 -0.0021430081565090757 -0.0024680912427192214
-0.013257684788948858 -0.0021430081565090757 -0.0024680912427192214
-0.013257684788948858 -0.0021430081565090757 -0.0024680912427192214
-0.013272682380125694 -0.0021613144347057715 -0.0025065442329377375
-0.013257684788948858 -0.0021430081565090757 -0.0024680912427192214
-0.013257684788948858 -0.0021430081565090757 -0.0024680912427192214
-0.012773111185950259 0.008903807044290125 0.05481619622071577
-0.01315011596486876 -0.002871327076694531 -0.001993815134543991
-0.013257684788948858 -0.0021430081565090757 -0.0024680912427192214
-0.013257684788948858 -0.0021430081565090757 -0.0024680912427192214
-0.013257684788948858 -0.0021430081565090757 -0.0024680912427192214
-0.013257684788948858 -0.0021430081565090757 -0.0024680912427192214
-0.013257684788948858 -0.0021430081565090757 -0.0024680912427192214
-0.013257684788948858 -0.0021430081565090757 -0.0024680912427192214
-0.013257684788948858 -0.0021430081565090757 -0.0024680912427192214
-0.013257684788948858 -0.0021430081565090757 -0.0024680912427192214
-0.013257684788948858 -0.0021430081565090757 -0.0024680912427192214
-0.013257684788948858 -0.0021430081565090757 -0.0024680912427192214
-0.013257684788948858 -0.0021430081565090757 -0.0024680912427192214
-0.013257684788948858 -0.0021430081565090757 -0.0024680912427192214
-0.013257684788948858 -0.0021430081565090757 -0.0024680912427192214
-0.013331002606923333 -0.0022081795228091694 -0.0026584494789513623
-0.013257684788948858 -0.0021430081565090757 -0.0024680912427192214
-0.01324765285411215 -0.0020292128423385174 -0.0025391603516478163
-0.012722417797461536 -0.002983145264550639 -0.003106901927450033
-0.013257684788948858 -0.0021430081565090757 -0.0024680912427192214
-0.013257684788948858 -0.0021430081565090757 -0.0024680912427192214
-0.013362456023310357 -0.002978795090600975 -0.0017115347208268778
-0.013331002606923333 -0.0022081795228091694 -0.0026584494789513623
-0.013257684788948858 -0.0021430081565090757 -0.0024680912427192214
-0.013257684788948858 -0.0021430081565090757 -0.0024680912427192214
-0.011313793813223815 0.02108772997424896 -0.004845052870556684
-0.013257684788948858 -0.0021430081565090757 -0.0024680912427192214
-0.013257684788948858 -0.0021430081565090757 -0.0024680912427192214
-0.013257684788948858 -0.0021430081565090757 -0.0024680912427192214
-0.013257684788948858 -0.0021430081565090757 -0.0024680912427192214
-0.013257684788948858 -0.0021430081565090757 -0.0024680912427192214
-0.013257684788948858 -0.0021430081565090757 -0.0024680912427192214
-0.01314181700997556 0.0006207567755262168 -0.003221668190168276
-0.013435773841284826 -0.0030439664569010677 -0.0019018929570590183
-0.013257684788948858 -0.0021430081565090757 -0.0024680912427192214
-0.013257684788948858 -0.0021430081565090757 -0.0024680912427192214
-0.013257684788948858 -0.0021430081565090757 -0.0024680912427192214
-0.013257684788948858 -0.0021430081565090757 -0.0024680912427192214
-0.01314181700997556 0.0006207567755262168 -0.003221668190168276
-0.013257684788948858 -0.0021430081565090757 -0.0024680912427192214
-0.013331002606923333 -0.0022081795228091694 -0.0026584494789513623
-0.013257684788948858 -0.0021430081565090757 -0.0024680912427192214
-0.013257684788948858 -0.0021430081565090757 -0.0024680912427192214
-0.013257684788948858 -0.0021430081565090757 -0.0024680912427192214
-0.013257684788948858 -0.0021430081565090757 -0.0024680912427192214
-0.013257684788948858 -0.0021430081565090757 -0.0024680912427192214
-0.013257684788948858 -0.0021430081565090757 -0.0024680912427192214
-0.013257684788948858 -0.0021430081565090757 -0.0024680912427192214
-0.013257684788948858 -0.0021430081565090757 -0.0024680912427192214
-0.013257684788948858 -0.0021430081565090757 -0.0024680912427192214
-0.013257684788948858 -0.0021430081565090757 -0.0024680912427192214
-0.013257684788948858 -0.0021430081565090757 -0.0024680912427192214
-0.013257684788948858 -0.0021430081565090757 -0.0024680912427192214
-0.01308512420159408 0.001058448164478523 -0.003368096350679523
-0.012604181435699774 0.01130270349128678 0.05894848486946496
-0.01161224897882156 -0.0011053684557695864 -0.00431250391384368
-0.01260804831944681 0.011223143067335324 0.05858507317649345
-0.013257684788948858 -0.0021430081565090757 -0.0024680912427192214
-0.012629268666453827 0.011137837844833885 0.058501905757265785
-0.013080078940319382 0.0010809966921788495 -0.0033741955734503176
-0.013549407709543815 -0.003405458402783407 -0.002503303314825181
-0.012518477645381007 0.009943700112824827 0.05418733567728767
-0.013257684788948858 -0.0021430081565090757 -0.0024680912427192214
-0.013257684788948858 -0.0021430081565090757 -0.0024680912427192214
-0.012772924198805833 0.008905298688567365 0.054814845980409005
-0.013257684788948858 -0.0021430081565090757 -0.0024680912427192214
-0.01325768478894886 -0.002143008156509075 -0.002468091242719221
-0.013257684788948858 -0.0021430081565090757 -0.0024680912427192214
-0.01308512420159408 0.001058448164478523 -0.003368096350679523
-0.013257684788948858 -0.0021430081565090757 -0.0024680912427192214
-0.013257684788948858 -0.0021430081565090757 -0.0024680912427192214
-0.013257684788948858 -0.0021430081565090757 -0.0024680912427192214
-0.013054072781560285 0.0011346264457892828 -0.003405819347193726
-0.01161224897882156 -0.0011053684557695864 -0.00431250391384368
-0.013468767639573977 -0.0033001470509119225 -0.002318146510685131
-0.013257684788948858 -0.0021430081565090757 -0.0024680912427192214
-0.013257684788948858 -0.0021430081565090757 -0.0024680912427192214
-0.013257684788948858 -0.0021430081565090757 -0.0024680912427192214
-0.013257684788948858 -0.0021430081565090757 -0.0024680912427192214
-0.01308512420159408 0.001058448164478523 -0.003368096350679523
-0.01259961148218055 0.011396729446865764 0.05937797141570401
-0.012588095199312099 0.011633674854924822 0.06046027751222641
