0.10500343688444401 -0.005963163938332137 -0.0010268861838463588
0.10459661045573346 -0.008351585416119344 -0.0021933491744830103
0.10459661045573346 -0.008351585416119344 -0.0021933491744830103
0.10479976549535316 -0.008237510675561732 -0.0021539988877270558
0.10466197303538699 -0.008343827009435716 -0.002058863508955364
0.10459661045573346 -0.008351585416119344 -0.0021933491744830103
0.10459661045573346 -0.008351585416119344 -0.0021933491744830103
0.10459661045573346 -0.008351585416119344 -0.0021933491744830103
0.10459661045573346 -0.008351585416119344 -0.0021933491744830103
0.10464849038265094 -0.005952101579867902 -0.0015220920923236308
0.10466062996868175 -0.008343986428751128 -0.002061626913041548
0.10494505050611663 -0.007686292599017475 -0.001652670838261733
0.10459661045573346 -0.008351585416119344 -0.0021933491744830103
0.10480374892750258 -0.008235273915942958 -0.002153227313476939
0.10501452969781082 -0.007230784987259275 -0.0026656007864090383
0.10503250229991407 -0.0077620090786787365 -0.001748695135997137
0.10459661045573346 -0.008351585416119344 -0.0021933491744830103
0.10470764767745755 -0.008277345332842738 -0.002613886631685831
0.10356858911549952 -0.009947385782968596 0.07037793916570537
0.10461803535873161 -0.008283829644861991 -0.002202388547453695
0.10465191384656244 -0.008275066312740335 -0.002137235515869334
0.10377745374120004 -0.009830105020290733 0.07041839537555315
0.10471665523646766 -0.006382351718050431 -0.001152972683700506
0.10459661045573346 -0.008351585416119344 -0.0021933491744830103
0.10459661045573346 -0.008351585416119344 -0.0021933491744830103
0.10459661045573346 -0.008351585416119344 -0.0021933491744830103
0.104717543006174 -0.006370477946827493 -0.0011380928289573054
0.10471527344626119 -0.008210850261030843 -0.0022305486966736903
0.10466062996868175 -0.008343986428751128 -0.002061626913041548
0.10463951982606685 -0.006086429428264904 -0.0009942639976885958
0.10459661045573346 -0.008351585416119344 -0.0021933491744830103
0.10459661045573346 -0.008351585416119344 -0.0021933491744830103
0.10480217969665584 -0.008236155063671563 -0.002153531266969408
0.10480217969665584 -0.008236155063671563 -0.002153531266969408
0.10466071950646214 -0.008343975800796773 -0.0020614426861024684
0.10459661045573346 -0.008351585416119344 -0.0021933491744830103
0.1046510022522081 -0.008276327616642187 -0.0021381604662860424
0.10480087200428356 -0.008236889353445409 -0.002153784561546467
0.10459661045573346 -0.008351585416119344 -0.0021933491744830103
0.10459661045573346 -0.008351585416119344 -0.0021933491744830103
0.10459661045573346 -0.008351585416119344 -0.0021933491744830103
0.10471527344626119 -0.008210850261030843 -0.0022305486966736903
0.10459661045573346 -0.008351585416119344 -0.0021933491744830103
0.10459661045573346 -0.008351585416119344 -0.0021933491744830103
0.10459661045573346 -0.008351585416119344 -0.0021933491744830103
0.10503203019161769 -0.007762065116983549 -0.0017496665144031908
0.10522092220848885 -0.007655563149319834 -0.0017149146381441594
0.10459661045573346 -0.008351585416119344 -0.0021933491744830103
0.10459661045573346 -0.008351585416119344 -0.0021933491744830103
0.10459661045573346 -0.008351585416119344 -0.0021933491744830103
0.10471527344626119 -0.008210850261030843 -0.0022305486966736903
0.104530444487048 -0.007888589699931994 -0.002545026329461083
0.10503203019161769 -0.007762065116983549 -0.0017496665144031908
0.104530444487048 -0.007888589699931994 -0.002545026329461083
0.10459661045573346 -0.008351585416119344 -0.0021933491744830103
0.10459661045573346 -0.008351585416119344 -0.0021933491744830103
0.10459661045573346 -0.008351585416119344 -0.0021933491744830103
0.10459661045573346 -0.008351585416119344 -0.0021933491744830103
0.10459661045573346 -0.008351585416119344 -0.0021933491744830103
0.10459661045573346 -0.008351585416119344 -0.0021933491744830103
0.10459661045573346 -0.008351585416119344 -0.0021933491744830103
0.10459661045573346 -0.008351585416119344 -0.0021933491744830103
0.10356858911549952 -0.009947385782968596 0.07037793916570537
0.10232070010357912 -0.008648729223693629 0.07473608233914225
0.10459661045573346 -0.008351585416119344 -0.0021933491744830103
0.10459661045573346 -0.008351585416119344 -0.0021933491744830103
0.10459661045573346 -0.008351585416119344 -0.0021933491744830103
0.10491170180136344 -0.005988168583288938 -0.001069984877725665
0.10459661045573346 -0.008351585416119344 -0.0021933491744830103
0.10465191384656244 -0.008275066312740335 -0.002137235515869334
0.10461014431310751 -0.00831662650432806 -0.0021235003096777578
0.1046099212275464 -0.008317202750126821 -0.0021246516645921304
0.10459661045573346 -0.008351585416119344 -0.0021933491744830103
0.10459661045573346 -0.008351585416119344 -0.0021933491744830103
0.10459661045573346 -0.008351585416119344 -0.0021933491744830103
0.10459661045573346 -0.008351585416119344 -0.0021933491744830103
0.10459661045573346 -0.008351585416119344 -0.0021933491744830103
0.10459661045573346 -0.008351585416119344 -0.0021933491744830103
0.10468457255775827 -0.008382876212269812 -0.0018559839285134277
0.10459661045573346 -0.008351585416119344 -0.0021933491744830103
0.10459661045573346 -0.008351585416119344 -0.0021933491744830103
0.10459661045573346 -0.008351585416119344 -0.0021933491744830103
0.10459661045573346 -0.008351585416119344 -0.0021933491744830103
0.10459661045573346 -0.008351585416119344 -0.0021933491744830103
0.10356858911549952 -0.009947385782968596 0.07037793916570537
0.10468457255775827 -0.008382876212269812 -0.0018559839285134277
0.10356858911549952 -0.009947385782968596 0.07037793916570537
0.10459661045573346 -0.008351585416119344 -0.0021933491744830103
0.10459661045573346 -0.008351585416119344 -0.0021933491744830103
0.10459661045573346 -0.008351585416119344 -0.0021933491744830103
0.10459661045573346 -0.008351585416119344 -0.0021933491744830103
0.10356858911549952 -0.009947385782968596 0.07037793916570537
0.10356858911549952 -0.009947385782968596 0.07037793916570537
0.10459661045573346 -0.008351585416119344 -0.0021933491744830103
0.10459661045573346 -0.008351585416119344 -0.0021933491744830103
0.10459661045573346 -0.008351585416119344 -0.0021933491744830103
0.10459661045573346 -0.008351585416119344 -0.0021933491744830103
0.10459661045573346 -0.008351585416119344 -0.0021933491744830103
0.10468457255775827 -0.008382876212269812 -0.0018559839285134277
0.10459661045573346 -0.008351585416119344 -0.0021933491744830103
0.10457615101926168 -0.006186308295437148 -0.0010230414541869074
0.10459661045573346 -0.008351585416119344 -0.0021933491744830103
0.10459661045573346 -0.008351585416119344 -0.0021933491744830103
0.10459661045573346 -0.008351585416119344 -0.0021933491744830103
0.10459661045573346 -0.008351585416119344 -0.0021933491744830103
0.10459661045573346 -0.008351585416119344 -0.0021933491744830103
0.10459661045573346 -0.008351585416119344 -0.0021933491744830103
0.1039023837585491 -0.008234338810580645 0.07172185776385258
0.10459661045573346 -0.008351585416119344 -0.0021933491744830103
0.10459661045573346 -0.008351585416119344 -0.0021933491744830103
0.10459661045573346 -0.008351585416119344 -0.0021933491744830103
0.10459661045573346 -0.008351585416119344 -0.0021933491744830103
0.10468457255775827 -0.008382876212269812 -0.0018559839285134277
0.10459661045573346 -0.008351585416119344 -0.0021933491744830103
0.10468457255775827 -0.008382876212269812 -0.0018559839285134277
0.10459661045573346 -0.008351585416119344 -0.0021933491744830103
0.1046099212275464 -0.008317202750126821 -0.0021246516645921304
0.10468457255775827 -0.008382876212269812 -0.0018559839285134277
0.10459661045573346 -0.008351585416119344 -0.0021933491744830103
0.10459661045573346 -0.008351585416119344 -0.0021933491744830103
0.107767553167303 0.0853436990991858 -6.252837248989182e-05
0.10767959106527819 0.08537498989533629 -0.00039989361845947516
0.10459661045573346 -0.008351585416119344 -0.0021933491744830103
0.10459661045573346 -0.008351585416119344 -0.0021933491744830103
0.10438374639705159 -0.008452243281839711 -0.002143911073562038
0.10457500337690162 -0.008259886704283494 -0.0021273838717070555
0.10466147842638701 -0.008227147365443487 -0.0021514900277509095
0.10459661045573346 -0.008351585416119344 -0.0021933491744830103
0.10471571069480366 -0.006400494726665248 -0.0011540815614652703
0.10480217969665584 -0.008236155063671563 -0.002153531266969408
0.10459661045573346 -0.008351585416119344 -0.0021933491744830103
0.1048299740005557 -0.006295305979660388 -0.0015639089990120432
0.10459661045573346 -0.008351585416119344 -0.0021933491744830103
0.10459661045573346 -0.008351585416119344 -0.0021933491744830103
0.10459661045573346 -0.008351585416119344 -0.0021933491744830103
0.10766379082275702 0.08616514134418234 -0.0003909914059645236
0.10459661045573346 -0.008351585416119344 -0.0021933491744830103
0.10459661045573346 -0.008351585416119344 -0.0021933491744830103
0.10459661045573346 -0.008351585416119344 -0.0021933491744830103
0.10459661045573346 -0.008351585416119344 -0.0021933491744830103
0.10459661045573346 -0.008351585416119344 -0.0021933491744830103
0.10480374892750258 -0.008235273915942958 -0.002153227313476939
0.10459661045573346 -0.008351585416119344 -0.0021933491744830103
0.10665156972504422 0.08377918952848706 0.0721713947217289
0.10356858911549952 -0.009947385782968596 0.07037793916570537
0.10767959106527819 0.08537498989533629 -0.00039989361845947516
0.10365655121752435 -0.009978676579119062 0.07071530441167495
0.10358189988731248 -0.00991300311697607 0.07044663667559625
0.10459661045573346 -0.008351585416119344 -0.0021933491744830103
0.10471527344626119 -0.008210850261030843 -0.0022305486966736903
0.10459661045573346 -0.008351585416119344 -0.0021933491744830103
0.10468457255775827 -0.008382876212269812 -0.0018559839285134277
0.10459661045573346 -0.008351585416119344 -0.0021933491744830103
0.10345622443928777 -0.008599974868578523 0.07174617004022495
0.10459661045573346 -0.008351585416119344 -0.0021933491744830103
0.10459661045573346 -0.008351585416119344 -0.0021933491744830103
0.10459661045573346 -0.008351585416119344 -0.0021933491744830103
0.10459661045573346 -0.008351585416119344 -0.0021933491744830103
0.10466216212215282 -0.008226201387517099 -0.002150796314938378
0.10459661045573346 -0.008351585416119344 -0.0021933491744830103
0.10459661045573346 -0.008351585416119344 -0.0021933491744830103
0.10459661045573346 -0.008351585416119344 -0.0021933491744830103
0.10450286272353729 -0.008219067208096864 -0.001858390222456161
0.10468457255775827 -0.008382876212269812 -0.0018559839285134277
0.10459661045573346 -0.008351585416119344 -0.0021933491744830103
0.10468457255775827 -0.008382876212269812 -0.0018559839285134277
0.10459661045573346 -0.008351585416119344 -0.0021933491744830103
0.10468457255775827 -0.008382876212269812 -0.0018559839285134277
0.10459661045573346 -0.008351585416119344 -0.0021933491744830103
0.10459661045573346 -0.008351585416119344 -0.0021933491744830103
0.10468457255775827 -0.008382876212269812 -0.0018559839285134277
0.10468457255775827 -0.008382876212269812 -0.0018559839285134277
0.10459661045573346 -0.008351585416119344 -0.0021933491744830103
0.10492348570977103 -0.008052369866133722 -0.002545474140766356
0.10459661045573346 -0.008351585416119344 -0.0021933491744830103
0.10459661045573346 -0.008351585416119344 -0.0021933491744830103
0.10459661045573346 -0.008351585416119344 -0.0021933491744830103
0.10459661045573346 -0.008351585416119344 -0.0021933491744830103
0.1050000824579131 -0.005259439827085853 -0.0013077254980004738
0.10459661045573346 -0.008351585416119344 -0.0021933491744830103
0.10459661045573346 -0.008351585416119344 -0.0021933491744830103
0.10769222842777738 0.0854907931859925 -0.00034097620304722665
0.10459661045573346 -0.008351585416119344 -0.0021933491744830103
0.10471527344626119 -0.008210850261030843 -0.0022305486966736903
0.10471527344626119 -0.008210850261030843 -0.0022305486966736903
0.10459661045573346 -0.008351585416119344 -0.0021933491744830103
0.10459661045573346 -0.008351585416119344 -0.0021933491744830103
0.10451239922286103 -0.007762318140971807 -0.002640938280818739
0.10426129931002935 -0.008121731462442883 -0.0008684199936761165
0.10459661045573346 -0.008351585416119344 -0.0021933491744830103
0.10459661045573346 -0.008351585416119344 -0.0021933491744830103
0.10459661045573346 -0.008351585416119344 -0.0021933491744830103
0.10459661045573346 -0.008351585416119344 -0.0021933491744830103
0.10480374892750258 -0.008235273915942958 -0.002153227313476939
0.10471387838343342 -0.006430511506503005 -0.0011700702939732356
0.10458540358488437 -0.008210811561743277 -0.002140790512373313
0.10459661045573346 -0.008351585416119344 -0.0021933491744830103
0.10471554412104278 -0.006403223524832319 -0.0011555350826023582
0.10459661045573346 -0.008351585416119344 -0.0021933491744830103
0.10480374892750258 -0.008235273915942958 -0.002153227313476939
0.10459661045573346 -0.008351585416119344 -0.0021933491744830103
0.10459661045573346 -0.008351585416119344 -0.0021933491744830103
0.10459661045573346 -0.008351585416119344 -0.0021933491744830103
0.10471074495003008 -0.008275274479752735 -0.0026256171046900936
0.10526933368992232 -0.007587990169520938 -0.0022724530696403606
0.10471527344626119 -0.008210850261030843 -0.0022305486966736903
0.10480217969665584 -0.008236155063671563 -0.002153531266969408
0.10459661045573346 -0.008351585416119344 -0.0021933491744830103
0.10781089141830509 0.08563152834108102 -0.0003781757252379079
0.10459661045573346 -0.008351585416119344 -0.0021933491744830103
0.10459661045573346 -0.008351585416119344 -0.0021933491744830103
0.10459661045573346 -0.008351585416119344 -0.0021933491744830103
0.10462644776050284 -0.008370470659172919 -0.00205821847250649
0.10459661045573346 -0.008351585416119344 -0.0021933491744830103
0.10459661045573346 -0.008351585416119344 -0.0021933491744830103
0.10459661045573346 -0.008351585416119344 -0.0021933491744830103
0.10496702576308557 -0.007769781011849733 -0.0018834152721745212
0.10459661045573346 -0.008351585416119344 -0.0021933491744830103
0.10459661045573346 -0.008351585416119344 -0.0021933491744830103
0.10459661045573346 -0.008351585416119344 -0.0021933491744830103
0.104717543006174 -0.006370477946827493 -0.0011380928289573054
0.10464771241474789 -0.005967515790315654 -0.001521747448951307
0.10459661045573346 -0.008351585416119344 -0.0021933491744830103
0.10459661045573346 -0.008351585416119344 -0.0021933491744830103
0.10465363257874721 -0.006256844981858593 -0.0006680031749539355
0.10459661045573346 -0.008351585416119344 -0.0021933491744830103
0.10459661045573346 -0.008351585416119344 -0.0021933491744830103
0.10461833458922033 -0.00828288333520756 -0.002202514795679543
0.10459661045573346 -0.008351585416119344 -0.0021933491744830103
0.10452119050541364 -0.007823835054311386 -0.0025942119455419324
0.10459661045573346 -0.008351585416119344 -0.0021933491744830103
0.10459661045573346 -0.008351585416119344 -0.0021933491744830103
0.10808667212029516 0.08844188117257774 0.0005049124482945938
0.1050881534655352 -0.007646672871341915 -0.002316186322743174
0.10507775325755242 -0.007695748013882126 -0.002302779682076916
0.10766379082275702 0.08616514134418234 -0.0003909914059645236
0.10459661045573346 -0.008351585416119344 -0.0021933491744830103
0.10459661045573346 -0.008351585416119344 -0.0021933491744830103
0.10459661045573346 -0.008351585416119344 -0.0021933491744830103
0.10477042490469773 -0.00813454137496881 -0.0021745891964627985
0.10459661045573346 -0.008351585416119344 -0.0021933491744830103
0.1078694679977332 0.08548160877049799 -0.00036311524587057505
0.10459661045573346 -0.008351585416119344 -0.0021933491744830103
0.1051569026955406 -0.007663162136688046 -0.0018466368995856228
0.10471789390124488 -0.006389103090552944 -0.0011553681704144284
0.10459661045573346 -0.008351585416119344 -0.0021933491744830103
0.10520992219211207 -0.0026226324519991943 0.0009447392454279277
0.10459661045573346 -0.008351585416119344 -0.0021933491744830103
0.10356858911549952 -0.009947385782968596 0.07037793916570537
0.10477317954452488 -0.0062885012471143465 -0.001079072128069453
0.10459661045573346 -0.008351585416119344 -0.0021933491744830103
0.10459661045573346 -0.008351585416119344 -0.0021933491744830103
0.10471820930121774 -0.006359562754159221 -0.0011322787444089546
0.10459661045573346 -0.008351585416119344 -0.0021933491744830103
0.10459661045573346 -0.008351585416119344 -0.0021933491744830103
0.10459661045573346 -0.008351585416119344 -0.0021933491744830103
0.10459661045573346 -0.008351585416119344 -0.0021933491744830103
0.10459661045573346 -0.008351585416119344 -0.0021933491744830103
0.10459661045573346 -0.008351585416119344 -0.0021933491744830103
0.10459661045573346 -0.008351585416119344 -0.0021933491744830103
0.10459661045573346 -0.008351585416119344 -0.0021933491744830103
0.10459661045573346 -0.008351585416119344 -0.0021933491744830103
0.10478611921005135 -0.008253176839961249 -0.001991791670757278
0.10459624227759634 -0.00835979571512294 -0.002028570043346177
0.10471527344626119 -0.008210850261030843 -0.0022305486966736903
0.1046510022522081 -0.008276327616642187 -0.0021381604662860424
0.10459661045573346 -0.008351585416119344 -0.0021933491744830103
0.10460701066371628 -0.00830251027357913 -0.0022067558151492683
0.10459661045573346 -0.008351585416119344 -0.0021933491744830103
0.10459661045573346 -0.008351585416119344 -0.0021933491744830103
0.10459661045573346 -0.008351585416119344 -0.0021933491744830103
0.10459661045573346 -0.008351585416119344 -0.0021933491744830103
0.10459661045573346 -0.008351585416119344 -0.0021933491744830103
0.10466095831585756 -0.008235567881764057 -0.001986865055016861
0.10458702944028904 -0.008329583607101468 -0.002208260059254419
0.10459661045573346 -0.008351585416119344 -0.0021933491744830103
0.10459661045573346 -0.008351585416119344 -0.0021933491744830103
0.10459661045573346 -0.008351585416119344 -0.0021933491744830103
0.10459661045573346 -0.008351585416119344 -0.0021933491744830103
0.10459661045573346 -0.008351585416119344 -0.0021933491744830103
0.10471527344626119 -0.008210850261030843 -0.0022305486966736903
0.10451721129331083 -0.007795990556694521 -0.0026153617604566973
0.10459661045573346 -0.008351585416119344 -0.0021933491744830103
0.10459661045573346 -0.008351585416119344 -0.0021933491744830103
0.1077920220596599 0.08545016186250338 -0.0008257097885142137
0.10459661045573346 -0.008351585416119344 -0.0021933491744830103
0.10459661045573346 -0.008351585416119344 -0.0021933491744830103
0.10459661045573346 -0.008351585416119344 -0.0021933491744830103
0.10459661045573346 -0.008351585416119344 -0.0021933491744830103
0.10459661045573346 -0.008351585416119344 -0.0021933491744830103
0.10459661045573346 -0.008351585416119344 -0.0021933491744830103
0.10459661045573346 -0.008351585416119344 -0.0021933491744830103
0.10459661045573346 -0.008351585416119344 -0.0021933491744830103
0.10459661045573346 -0.008351585416119344 -0.0021933491744830103
0.10459661045573346 -0.008351585416119344 -0.0021933491744830103
0.10471527344626119 -0.008210850261030843 -0.0022305486966736903
0.10459661045573346 -0.008351585416119344 -0.0021933491744830103
0.10459661045573346 -0.008351585416119344 -0.0021933491744830103
0.10459661045573346 -0.008351585416119344 -0.0021933491744830103
0.10459661045573346 -0.008351585416119344 -0.0021933491744830103
0.10471527344626119 -0.008210850261030843 -0.0022305486966736903
0.10459661045573346 -0.008351585416119344 -0.0021933491744830103
0.10471527344626119 -0.008210850261030843 -0.0022305486966736903
0.10459661045573346 -0.008351585416119344 -0.0021933491744830103
0.1081387074186041 0.08785617167679917 0.0004268094943114053
0.10469227130460157 -0.006338812794667152 -0.0011041049911972808
0.10781000819879243 0.08546619034626111 -0.00019398437976802689
0.10459661045573346 -0.008351585416119344 -0.0021933491744830103
0.10459661045573346 -0.008351585416119344 -0.0021933491744830103
0.10459661045573346 -0.008351585416119344 -0.0021933491744830103
0.10470935117737243 -0.008276206363643235 -0.0026203383918381763
0.10459661045573346 -0.008351585416119344 -0.0021933491744830103
0.10772350497181413 0.08866581890043401 0.0017742157545554066
0.10507790812118105 -0.007695644471227629 -0.0023033662057271283
0.10459661045573346 -0.008351585416119344 -0.0021933491744830103
0.1045803790334587 -0.00835710151960571 -0.0022122826853347172
0.10459661045573346 -0.008351585416119344 -0.0021933491744830103
0.10779522803005587 0.08736744252788756 0.0006531389920406361
0.10459661045573346 -0.008351585416119344 -0.0021933491744830103
0.10459661045573346 -0.008351585416119344 -0.0021933491744830103
0.10459661045573346 -0.008351585416119344 -0.0021933491744830103
0.10459661045573346 -0.008351585416119344 -0.0021933491744830103
0.10459661045573346 -0.008351585416119344 -0.0021933491744830103
0.10559148324504662 -0.003967284392979332 0.00012853729912044097
0.10466143580870488 -0.00834389077716188 -0.0020599688705898365
0.10459661045573346 -0.008351585416119344 -0.0021933491744830103
0.10716915238860958 0.08466677582606348 0.07258431080470179
0.1055913829624697 -0.0039623196955859575 0.0001332313226324377
0.10459661045573346 -0.008351585416119344 -0.0021933491744830103
0.10459661045573346 -0.008351585416119344 -0.0021933491744830103
0.10459661045573346 -0.008351585416119344 -0.0021933491744830103
0.10426129931002935 -0.008121731462442883 -0.0008684199936761165
0.10459661045573346 -0.008351585416119344 -0.0021933491744830103
0.10464562572202475 -0.008349303294836742 -0.002078251337849182
0.10460701066371628 -0.00830251027357913 -0.0022067558151492683
0.10459661045573346 -0.008351585416119344 -0.0021933491744830103
0.10459661045573346 -0.008351585416119344 -0.0021933491744830103
0.10459661045573346 -0.008351585416119344 -0.0021933491744830103
0.10779685899297811 0.08729606380495264 0.0006233852620502998
0.10779685899297811 0.08729606380495264 0.0006233852620502998
0.10440559434696621 -0.008377128938755501 -0.0022068528903598484
0.10459661045573346 -0.008351585416119344 -0.0021933491744830103
0.10459661045573346 -0.008351585416119344 -0.0021933491744830103
0.10459661045573346 -0.008351585416119344 -0.0021933491744830103
0.10459661045573346 -0.008351585416119344 -0.0021933491744830103
0.10459661045573346 -0.008351585416119344 -0.0021933491744830103
0.10466062996868175 -0.008343986428751128 -0.002061626913041548
0.10459661045573346 -0.008351585416119344 -0.0021933491744830103
0.10494541868425374 -0.0076780823000138785 -0.0018174499693985658
0.10459661045573346 -0.008351585416119344 -0.0021933491744830103
0.10459661045573346 -0.008351585416119344 -0.0021933491744830103
0.10459661045573346 -0.008351585416119344 -0.0021933491744830103
0.10459661045573346 -0.008351585416119344 -0.0021933491744830103
0.10480217969665584 -0.008236155063671563 -0.002153531266969408
0.10459661045573346 -0.008351585416119344 -0.0021933491744830103
0.10459661045573346 -0.008351585416119344 -0.0021933491744830103
0.10459661045573346 -0.008351585416119344 -0.0021933491744830103
0.10459661045573346 -0.008351585416119344 -0.0021933491744830103
0.10767959106527819 0.08537498989533629 -0.00039989361845947516
0.10459661045573346 -0.008351585416119344 -0.0021933491744830103
0.10459661045573346 -0.008351585416119344 -0.0021933491744830103
0.10459661045573346 -0.008351585416119344 -0.0021933491744830103
0.10459661045573346 -0.008351585416119344 -0.0021933491744830103
0.10459661045573346 -0.008351585416119344 -0.0021933491744830103
0.10459661045573346 -0.008351585416119344 -0.0021933491744830103
0.10459661045573346 -0.008351585416119344 -0.0021933491744830103
0.10459661045573346 -0.008351585416119344 -0.0021933491744830103
0.10459661045573346 -0.008351585416119344 -0.0021933491744830103
0.10457479862779769 -0.008278956278982442 -0.002246546263166528
0.10426078969150239 -0.007976091256498273 -0.0009337584500752668
0.10459661045573346 -0.008351585416119344 -0.0021933491744830103
0.10459661045573346 -0.008351585416119344 -0.0021933491744830103
0.10459661045573346 -0.008351585416119344 -0.0021933491744830103
0.10459661045573346 -0.008351585416119344 -0.0021933491744830103
0.10767959106527819 0.08537498989533629 -0.00039989361845947516
0.10459661045573346 -0.008351585416119344 -0.0021933491744830103
0.10459661045573346 -0.008351585416119344 -0.0021933491744830103
0.10459661045573346 -0.008351585416119344 -0.0021933491744830103
0.1048018115185187 -0.008244365362675159 -0.0019887521358325755
0.10459661045573346 -0.008351585416119344 -0.0021933491744830103
0.10467698039274438 -0.00819998304155581 -0.0021444283009679982
0.10459661045573346 -0.008351585416119344 -0.0021933491744830103
0.10459661045573346 -0.008351585416119344 -0.0021933491744830103
0.10869644839932986 0.0898182528665322 0.0019034139372782804
0.1086964624172369 0.08981125474614593 0.0018972057385526237
0.10459661045573346 -0.008351585416119344 -0.0021933491744830103
0.10823819545753892 0.08604470566842909 -0.0003997281837242961
0.10528473836138207 -0.007551460104181085 -0.0022081924488016737
0.10762664572197649 0.08595913366944091 -0.0006899340926985818
0.10507945675746727 -0.007694609044682627 -0.00230923144222926
0.10459661045573346 -0.008351585416119344 -0.0021933491744830103
0.10466161488426556 -0.008343869521253156 -0.00205960041671168
0.10459661045573346 -0.008351585416119344 -0.0021933491744830103
0.10767959106527819 0.08537498989533629 -0.00039989361845947516
0.10779685899297811 0.08729606380495264 0.0006233852620502998
0.10471684168051502 -0.006384145842165223 -0.0009762207400946472
0.10779825405580587 0.08551572505042479 -0.0004370931406501524
0.10770285840598742 0.0855419738429083 -0.00035331161797871717
0.10459661045573346 -0.008351585416119344 -0.0021933491744830103
0.10459661045573346 -0.008351585416119344 -0.0021933491744830103
0.10869644839932986 0.0898182528665322 0.0019034139372782804
0.10459661045573346 -0.008351585416119344 -0.0021933491744830103
0.10767959106527819 0.08537498989533629 -0.00039989361845947516
0.10459661045573346 -0.008351585416119344 -0.0021933491744830103
0.10459661045573346 -0.008351585416119344 -0.0021933491744830103
0.10459661045573346 -0.008351585416119344 -0.0021933491744830103
0.10465176191417004 -0.008275276530057309 -0.002137389674272118
0.10535117060705092 -0.007379812890112895 -0.001837815995307635
0.10459661045573346 -0.008351585416119344 -0.0021933491744830103
0.10459661045573346 -0.008351585416119344 -0.0021933491744830103
0.10459661045573346 -0.008351585416119344 -0.0021933491744830103
0.10459661045573346 -0.008351585416119344 -0.0021933491744830103
0.10459661045573346 -0.008351585416119344 -0.0021933491744830103
0.10767959106527819 0.08537498989533629 -0.00039989361845947516
0.10459661045573346 -0.008351585416119344 -0.0021933491744830103
0.10516999038179245 -0.007629355716494277 -0.0017790907446091145
0.10459661045573346 -0.008351585416119344 -0.0021933491744830103
0.10459661045573346 -0.008351585416119344 -0.0021933491744830103
0.10459661045573346 -0.008351585416119344 -0.0021933491744830103
0.10459661045573346 -0.008351585416119344 -0.0021933491744830103
0.10516587022320588 -0.007726935267378098 -0.0019660009597575446
0.1045885909028462 -0.008346207758322267 -0.0022039223182905594
0.10468457255775827 -0.008382876212269812 -0.0018559839285134277
0.107767553167303 0.0853436990991858 -6.252837248989182e-05
0.10466286841319045 -0.0083437207298921 -0.002057021239564573
0.10460701066371628 -0.00830251027357913 -0.0022067558151492683
0.10459661045573346 -0.008351585416119344 -0.0021933491744830103
0.10459661045573346 -0.008351585416119344 -0.0021933491744830103
0.10459661045573346 -0.008351585416119344 -0.0021933491744830103
0.10459661045573346 -0.008351585416119344 -0.0021933491744830103
0.10459661045573346 -0.008351585416119344 -0.0021933491744830103
0.10459661045573346 -0.008351585416119344 -0.0021933491744830103
0.10459661045573346 -0.008351585416119344 -0.0021933491744830103
0.10471987503882711 -0.006332274772488531 -0.0011177435330380766
0.10466143580870488 -0.00834389077716188 -0.0020599688705898365
0.10459661045573346 -0.008351585416119344 -0.0021933491744830103
0.10297788385412227 -0.006586987558640997 0.0014520233275052397
0.10466062996868175 -0.008343986428751128 -0.002061626913041548
0.10459661045573346 -0.008351585416119344 -0.0021933491744830103
0.10482721615717355 -0.0063110475182498954 -0.001573790614739988
0.10459661045573346 -0.008351585416119344 -0.0021933491744830103
0.10459661045573346 -0.008351585416119344 -0.0021933491744830103
0.10767959106527819 0.08537498989533629 -0.00039989361845947516
0.10459661045573346 -0.008351585416119344 -0.0021933491744830103
0.10465092628601193 -0.008276432725300677 -0.0021382375454874355
0.10466216212215282 -0.008226201387517099 -0.002150796314938378
0.10459661045573346 -0.008351585416119344 -0.0021933491744830103
0.10459661045573346 -0.008351585416119344 -0.0021933491744830103
0.10459661045573346 -0.008351585416119344 -0.0021933491744830103
0.10767959106527819 0.08537498989533629 -0.00039989361845947516
0.10459661045573346 -0.008351585416119344 -0.0021933491744830103
0.1048355699877963 -0.00624016183928598 -0.001180842159125956
0.10459661045573346 -0.008351585416119344 -0.0021933491744830103
0.10869647409882605 0.08980542297915738 0.0018920322396145783
0.10459661045573346 -0.008351585416119344 -0.0021933491744830103
0.10459661045573346 -0.008351585416119344 -0.0021933491744830103
0.10460701066371628 -0.00830251027357913 -0.0022067558151492683
0.10459661045573346 -0.008351585416119344 -0.0021933491744830103
0.10459661045573346 -0.008351585416119344 -0.0021933491744830103
0.10459661045573346 -0.008351585416119344 -0.0021933491744830103
0.10459661045573346 -0.008351585416119344 -0.0021933491744830103
0.10459661045573346 -0.008351585416119344 -0.0021933491744830103
0.10459661045573346 -0.008351585416119344 -0.0021933491744830103
0.10459661045573346 -0.008351585416119344 -0.0021933491744830103
0.10459661045573346 -0.008351585416119344 -0.0021933491744830103
0.10459661045573346 -0.008351585416119344 -0.0021933491744830103
0.10480755321459999 -0.008178346341285626 -0.002165458676993779
0.10478648738818847 -0.008244966540957655 -0.0021565708018941106
0.10459661045573346 -0.008351585416119344 -0.0021933491744830103
0.10459661045573346 -0.008351585416119344 -0.0021933491744830103
0.1045961667514813 -0.008343748563312355 -0.002188199397644931
0.10459661045573346 -0.008351585416119344 -0.0021933491744830103
0.10459661045573346 -0.008351585416119344 -0.0021933491744830103
0.10459661045573346 -0.008351585416119344 -0.0021933491744830103
0.10459661045573346 -0.008351585416119344 -0.0021933491744830103
0.10459661045573346 -0.008351585416119344 -0.0021933491744830103
0.10507202510180635 -0.007689813545559797 -0.0023177117341637663
0.10462646107783816 -0.006191619149130489 -0.0007870052807491195
0.10459661045573346 -0.008351585416119344 -0.0021933491744830103
0.10459661045573346 -0.008351585416119344 -0.0021933491744830103
0.10459661045573346 -0.008351585416119344 -0.0021933491744830103
0.10459661045573346 -0.008351585416119344 -0.0021933491744830103
0.10496786802585663 -0.007753092899712086 -0.001883788398470177
0.10459738842363647 -0.008336171205671596 -0.0021936938178553334
0.10459661045573346 -0.008351585416119344 -0.0021933491744830103
0.10459661045573346 -0.008351585416119344 -0.0021933491744830103
0.10514397238318145 -0.0076871214910341655 -0.002174678091035661
0.10466143580870488 -0.00834389077716188 -0.0020599688705898365
0.10459661045573346 -0.008351585416119344 -0.0021933491744830103
0.10459661045573346 -0.008351585416119344 -0.0021933491744830103
0.10459661045573346 -0.008351585416119344 -0.0021933491744830103
0.10459468894580254 -0.008343434639373376 -0.0021931491110669206
0.10507759839392378 -0.007695851556536629 -0.0023021931584267033
0.10459661045573346 -0.008351585416119344 -0.0021933491744830103
0.10478648738818847 -0.008244966540957655 -0.0021565708018941106
0.10779885787810936 0.08732880938295744 0.000640827515695354
0.10459661045573346 -0.008351585416119344 -0.0021933491744830103
0.10459661045573346 -0.008351585416119344 -0.0021933491744830103
0.10779885787810936 0.08732880938295744 0.000640827515695354
0.10459661045573346 -0.008351585416119344 -0.0021933491744830103
0.10471527344626119 -0.008210850261030843 -0.0022305486966736903
0.10459661045573346 -0.008351585416119344 -0.0021933491744830103
0.10459661045573346 -0.008351585416119344 -0.0021933491744830103
0.10459661045573346 -0.008351585416119344 -0.0021933491744830103
0.10459661045573346 -0.008351585416119344 -0.0021933491744830103
0.10459661045573346 -0.008351585416119344 -0.0021933491744830103
0.10459661045573346 -0.008351585416119344 -0.0021933491744830103
0.10459661045573346 -0.008351585416119344 -0.0021933491744830103
0.10473150473031209 -0.008206918673560682 -0.0026307275596254747
0.10466080904424246 -0.008343965172842409 -0.00206125845916339
0.10517047373384149 -0.007628107183930299 -0.0017765961422946414
0.10508422000199119 -0.005164351735541806 -0.0010779585712615907
0.10468536985184937 -0.0082733780387047 -0.00206584880192781
0.10459661045573346 -0.008351585416119344 -0.0021933491744830103
0.10459661045573346 -0.008351585416119344 -0.0021933491744830103
0.10459661045573346 -0.008351585416119344 -0.0021933491744830103
0.10459661045573346 -0.008351585416119344 -0.0021933491744830103
0.10459661045573346 -0.008351585416119344 -0.0021933491744830103
0.10459661045573346 -0.008351585416119344 -0.0021933491744830103
0.10459661045573346 -0.008351585416119344 -0.0021933491744830103
0.10459661045573346 -0.008351585416119344 -0.0021933491744830103
0.10767959106527819 0.08537498989533629 -0.00039989361845947516
0.10459661045573346 -0.008351585416119344 -0.0021933491744830103
