0.12560986012726377 -0.017116257379825056 -0.005212535916045248
0.12576015171030352 -0.017493107734319537 -0.0046473800795980335
0.12576015171030352 -0.017493107734319537 -0.0046473800795980335
0.12576015171030352 -0.017493107734319537 -0.0046473800795980335
0.1258884056778215 -0.01742949862060373 -0.004771559564125192
0.12576015171030352 -0.017493107734319537 -0.0046473800795980335
0.12576015171030352 -0.017493107734319537 -0.0046473800795980335
0.12576612468390494 -0.017494118648658116 -0.004626149191978103
0.12614045116606937 -0.017598914354659462 -0.004710619338606541
0.12614849387693042 -0.01759565554408026 -0.004692365346315814
0.12614913210730827 -0.017592150959032694 -0.004689874721159066
0.12826942791822604 -0.01810086369474813 -0.004355577058500737
0.12576015171030352 -0.017493107734319537 -0.0046473800795980335
0.12576015171030352 -0.017493107734319537 -0.0046473800795980335
0.12576015171030352 -0.017493107734319537 -0.0046473800795980335
0.12576015171030352 -0.017493107734319537 -0.0046473800795980335
0.1258884056778215 -0.01742949862060373 -0.004771559564125192
0.12576015171030352 -0.017493107734319537 -0.0046473800795980335
0.12576015171030352 -0.017493107734319537 -0.0046473800795980335
0.14675749590620413 0.16361039829666954 0.0009969269066546413
0.12581486785402163 -0.01750641208813566 -0.0046278688034661055
0.12576015171030352 -0.017493107734319537 -0.0046473800795980335
0.12576015171030352 -0.017493107734319537 -0.0046473800795980335
0.12576015171030352 -0.017493107734319537 -0.0046473800795980335
0.12585956525467373 -0.01757004477013932 -0.004650771625686653
0.1261500649055528 -0.017587028873193928 -0.0046862345766992015
0.12718888162899308 -0.017812641524223218 -0.004340677205649758
0.12576015171030352 -0.017493107734319537 -0.0046473800795980335
0.1270494287542748 -0.017782169530548706 -0.004430319670902993
0.12576015171030352 -0.017493107734319537 -0.0046473800795980335
0.12762612907307502 -0.019322675670812493 0.05357319470115487
0.12578009143173122 -0.01731366145936501 -0.004704982892175277
0.12576015171030352 -0.017493107734319537 -0.0046473800795980335
0.12593223290369943 -0.013338226422671658 -0.006644966111920958
0.12576015171030352 -0.017493107734319537 -0.0046473800795980335
0.12576015171030352 -0.017493107734319537 -0.0046473800795980335
0.12817964169559234 -0.019447784516058074 0.05369989102452527
0.12579430343828205 -0.017506963984089966 -0.004852248241449121
0.12576015171030352 -0.017493107734319537 -0.0046473800795980335
0.1271910757837694 -0.017813927440896757 -0.004406472226898379
0.12608302837159072 -0.012911896359366817 -0.006755111897266736
0.12576015171030352 -0.017493107734319537 -0.0046473800795980335
0.12586070477463865 -0.01756641883864542 -0.0046471695089020165
0.12700028590730725 -0.017771151480019794 -0.004438593273925
0.12576015171030352 -0.017493107734319537 -0.0046473800795980335
0.12593140289776547 -0.017530709054806873 -0.004552384106507033
0.12806680959537597 -0.018002015134696743 -0.0042015083251219455
0.12726966131237372 -0.017739182436539425 -0.0045390138021804
0.1434077702202035 0.14307087662953688 0.00012915036012028168
0.1258884056778215 -0.01742949862060373 -0.004771559564125192
0.12608130755965677 -0.012953445172483296 -0.006735136036943506
0.12631013862684032 -0.019028418585063378 0.05328547244590414
0.12587893709407688 -0.01750840393474317 -0.004589535640347831
0.12602489200783565 -0.01110098263947665 -0.007720589360094836
0.125801351441455 -0.017500863294258408 -0.00476314842654061
0.12576015171030352 -0.017493107734319537 -0.0046473800795980335
0.12576015171030352 -0.017493107734319537 -0.0046473800795980335
0.12576015171030352 -0.017493107734319537 -0.0046473800795980335
0.1263668101437195 -0.019042198392276072 0.053305680990211345
0.12631013862684032 -0.019028418585063378 0.05328547244590414
0.1258884056778215 -0.01742949862060373 -0.004771559564125192
0.12576884481687994 -0.017494111868360605 -0.004649036772244884
0.12576015171030352 -0.017493107734319537 -0.0046473800795980335
0.1435012394569905 0.14344633939466367 -0.00011872880237773239
0.1270176304415311 -0.017775040203735878 -0.004435673178740761
0.12765250206131287 -0.019318046567640097 0.053549316327242406
0.1269837297610027 -0.01776743951647262 -0.004441380637509953
0.1263668101437195 -0.019042198392276072 0.053305680990211345
0.12576015171030352 -0.017493107734319537 -0.0046473800795980335
0.1471844069015989 0.1639467118484234 0.0006818717632995423
0.1471555097177878 0.16356095842955276 0.00098968419038912
0.12621552313461246 -0.017556494234402132 -0.004634169596056291
0.1258220847435307 -0.017239054660087388 -0.004877143074699115
0.12576015171030352 -0.017493107734319537 -0.0046473800795980335
0.12576015171030352 -0.017493107734319537 -0.0046473800795980335
0.12576015171030352 -0.017493107734319537 -0.0046473800795980335
0.12576015171030352 -0.017493107734319537 -0.0046473800795980335
0.12576015171030352 -0.017493107734319537 -0.0046473800795980335
0.12576015171030352 -0.017493107734319537 -0.0046473800795980335
0.12731932975128737 -0.017750318327180947 -0.004530651711425537
0.12574282176509124 -0.017525723755830006 -0.004606212768242948
0.14675749590620413 0.16361039829666954 0.0009969269066546413
0.1258884056778215 -0.01742949862060373 -0.004771559564125192
0.12576015171030352 -0.017493107734319537 -0.0046473800795980335
0.1275726555366936 -0.017899479362650673 -0.0043422301328451375
0.1257197082531832 -0.017519969783848788 -0.0047056647655220486
0.12576015171030352 -0.017493107734319537 -0.0046473800795980335
0.12767057008839672 -0.015151449078750321 0.05141362426474633
0.1270849408244188 -0.017782087709496994 -0.0043627567379937995
0.12631013862684032 -0.019028418585063378 0.05328547244590414
0.1259420157617572 -0.01333147315690104 -0.00665140590045138
0.12700028590730725 -0.017771151480019794 -0.004438593273925
0.12576015171030352 -0.017493107734319537 -0.0046473800795980335
0.14341374319380493 0.14306986571519822 0.00015038124774021053
0.12690489096907623 -0.01774976349958131 -0.004454653797438309
0.12576015171030352 -0.017493107734319537 -0.0046473800795980335
0.12576015171030352 -0.017493107734319537 -0.0046473800795980335
0.1435709161883093 0.14717669375051862 -0.0019033044243971177
0.1258884056778215 -0.01742949862060373 -0.004771559564125192
0.12631013862684032 -0.019028418585063378 0.05328547244590414
0.12576015171030352 -0.017493107734319537 -0.0046473800795980335
0.12576015171030352 -0.017493107734319537 -0.0046473800795980335
0.12576015171030352 -0.017493107734319537 -0.0046473800795980335
0.12576015171030352 -0.017493107734319537 -0.0046473800795980335
0.12588763020065327 -0.01750940806878424 -0.004591192332994681
0.12576015171030352 -0.017493107734319537 -0.0046473800795980335
0.12576015171030352 -0.017493107734319537 -0.0046473800795980335
0.12578138177847856 -0.017182281655339603 -0.004895786597128167
0.12576015171030352 -0.017493107734319537 -0.0046473800795980335
0.12576015171030352 -0.017493107734319537 -0.0046473800795980335
0.12577648143476391 -0.01748866594400422 -0.00465684593513933
0.12577673266129408 -0.01748859760876859 -0.0046569915636861196
0.12576015171030352 -0.017493107734319537 -0.0046473800795980335
0.12578024983271632 -0.01748764091546991 -0.004659030363341168
0.12576015171030352 -0.017493107734319537 -0.0046473800795980335
0.12576015171030352 -0.017493107734319537 -0.0046473800795980335
0.12655717797813168 -0.01898010567177121 0.05321913740062716
0.12576015171030352 -0.017493107734319537 -0.0046473800795980335
0.1273623269712314 -0.01785152876138409 -0.004311476253807374
0.12591386429922358 -0.01744235073633309 -0.004974771033329428
0.1270331449365942 -0.017686154385865505 -0.0045788332819654675
0.12576015171030352 -0.017493107734319537 -0.0046473800795980335
0.12594402166262994 -0.017443021772811523 -0.004751727412895072
0.1258133927479527 -0.017506053412766325 -0.004628394812791292
0.1270625685529292 -0.017785115533363923 -0.004428107477581596
0.12576015171030352 -0.017493107734319537 -0.0046473800795980335
0.12576015171030352 -0.017493107734319537 -0.0046473800795980335
0.12607975498769627 -0.01746163312224144 -0.004688213874777324
0.12576015171030352 -0.017493107734319537 -0.0046473800795980335
0.12576015171030352 -0.017493107734319537 -0.0046473800795980335
0.12580631992320396 -0.017514815253704425 -0.004647568565992247
0.12576015171030352 -0.017493107734319537 -0.0046473800795980335
0.12576015171030352 -0.017493107734319537 -0.0046473800795980335
0.1257611132396019 -0.017478762648078086 -0.004641389301070641
0.1270761421565382 -0.017787364820068652 -0.004359657824347308
0.12576884481687994 -0.017494111868360605 -0.004649036772244884
0.1272338197403912 -0.017822716853851263 -0.004333111504490595
0.12576015171030352 -0.017493107734319537 -0.0046473800795980335
0.12576015171030352 -0.017493107734319537 -0.0046473800795980335
0.12576015171030352 -0.017493107734319537 -0.0046473800795980335
0.12576015171030352 -0.017493107734319537 -0.0046473800795980335
0.12576015171030352 -0.017493107734319537 -0.0046473800795980335
0.12576015171030352 -0.017493107734319537 -0.0046473800795980335
0.12576015171030352 -0.017493107734319537 -0.0046473800795980335
0.12584796222070121 -0.017456360670132974 -0.004829844250049208
0.12709568084553832 -0.017792539460458265 -0.0044225327504116875
0.12593140289776547 -0.017530709054806873 -0.004552384106507033
0.12576015171030352 -0.017493107734319537 -0.0046473800795980335
0.12577323286314793 -0.017508518414872325 -0.004595635840638494
0.12576015171030352 -0.017493107734319537 -0.0046473800795980335
0.12593140289776547 -0.017530709054806873 -0.004552384106507033
0.1274230328410148 -0.0178651392943904 -0.004301255920662543
0.12648138981430232 -0.019066019905550718 0.05338046841899514
0.12724958749877643 -0.01782625205722952 -0.004330456872504924
0.12574402153052905 -0.017523465723571587 -0.0046090628128752234
0.12573900741744098 -0.017556290923772998 -0.004637835625427634
0.12576015171030352 -0.017493107734319537 -0.0046473800795980335
0.12692396995672245 -0.01775404109566901 -0.004451441692735648
0.1257689503781841 -0.017487830623747886 -0.004650478993244527
0.12601688654932866 -0.013025701978529243 -0.007211193767871812
0.12593140289776547 -0.017530709054806873 -0.004552384106507033
0.12576015171030352 -0.017493107734319537 -0.0046473800795980335
0.12715448849770009 -0.017818202230808017 -0.0043630900786937035
0.12561122307895448 -0.016937618615312056 -0.010053772730778879
0.12576015171030352 -0.017493107734319537 -0.0046473800795980335
0.12576015171030352 -0.017493107734319537 -0.0046473800795980335
0.12631013862684032 -0.019028418585063378 0.05328547244590414
0.12576964574907568 -0.01742396242783514 -0.0046590835703779615
0.1269837297610027 -0.01776743951647262 -0.004441380637509953
0.12648138981430232 -0.019066019905550718 0.05338046841899514
0.12576015171030352 -0.017493107734319537 -0.0046473800795980335
0.12576015171030352 -0.017493107734319537 -0.0046473800795980335
0.12578146679721533 -0.017506062565160258 -0.004610394760002735
0.12576015171030352 -0.017493107734319537 -0.0046473800795980335
0.12631013862684032 -0.019028418585063378 0.05328547244590414
0.12631013862684032 -0.019028418585063378 0.05328547244590414
0.12576015171030352 -0.017493107734319537 -0.0046473800795980335
0.1280690580024884 -0.017912699516579745 -0.004305029109223875
0.12576015171030352 -0.017493107734319537 -0.0046473800795980335
0.12576015171030352 -0.017493107734319537 -0.0046473800795980335
0.12592575241063186 -0.013373811440077802 -0.006670255536589474
0.12576015171030352 -0.017493107734319537 -0.0046473800795980335
0.12700028590730725 -0.017771151480019794 -0.004438593273925
0.12655717797813168 -0.01898010567177121 0.05321913740062716
0.12580180110666928 -0.017531106541474398 -0.004529034909015866
0.12699161364019534 -0.017769207118161743 -0.0044400533215171204
0.12631013862684032 -0.019028418585063378 0.05328547244590414
0.12716286482765735 -0.017806808438649086 -0.0043450573484261155
0.12576015171030352 -0.017493107734319537 -0.0046473800795980335
0.12575382414082503 -0.01749740065997607 -0.004650071631386611
0.12583486754793238 -0.017511275058840866 -0.004620737095638574
0.12712169764687406 -0.017798372546032407 -0.004418152607635332
0.12576015171030352 -0.017493107734319537 -0.0046473800795980335
0.1434077702202035 0.14307087662953688 0.00012915036012028168
0.12576015171030352 -0.017493107734319537 -0.0046473800795980335
0.12593140289776547 -0.017530709054806873 -0.004552384106507033
0.12576015171030352 -0.017493107734319537 -0.0046473800795980335
0.12595789153353779 -0.01747755797127861 -0.0047067186882006175
0.12716686596625779 -0.017815643665984586 -0.00461804578685748
0.12576015171030352 -0.017493107734319537 -0.0046473800795980335
0.12726693203300032 -0.017830140780945605 -0.004327536777320686
0.12594092601027584 -0.013339230556712727 -0.006646622804567808
0.1260071910615949 -0.01744479482102737 -0.004713715124874987
0.12578146679721533 -0.017506062565160258 -0.004610394760002735
0.1272239348130563 -0.01772893034674246 -0.004546712234938848
0.12576015171030352 -0.017493107734319537 -0.0046473800795980335
0.12576015171030352 -0.017493107734319537 -0.0046473800795980335
0.12700028590730725 -0.017771151480019794 -0.004438593273925
0.12576015171030352 -0.017493107734319537 -0.0046473800795980335
0.12576015171030352 -0.017493107734319537 -0.0046473800795980335
0.12576015171030352 -0.017493107734319537 -0.0046473800795980335
0.12648138981430232 -0.019066019905550718 0.05338046841899514
0.1273623269712314 -0.01785152876138409 -0.004311476253807374
0.12591386429922358 -0.01744235073633309 -0.004974771033329428
0.12577225067733927 -0.01746001718669474 -0.004649410517998272
0.12609476267747455 -0.010863121706494994 -0.007963515639518873
0.12609794952203532 -0.012220373174464056 -0.007131917863304277
0.12648138981430232 -0.019066019905550718 0.05338046841899514
0.12576015171030352 -0.017493107734319537 -0.0046473800795980335
0.12576015171030352 -0.017493107734319537 -0.0046473800795980335
0.12576015171030352 -0.017493107734319537 -0.0046473800795980335
0.12700028590730725 -0.017771151480019794 -0.004438593273925
0.12576015171030352 -0.017493107734319537 -0.0046473800795980335
0.12576015171030352 -0.017493107734319537 -0.0046473800795980335
0.12576015171030352 -0.017493107734319537 -0.0046473800795980335
0.12576015171030352 -0.017493107734319537 -0.0046473800795980335
0.12717153709476925 -0.017808752800507133 -0.004343597300833997
0.12576015171030352 -0.017493107734319537 -0.0046473800795980335
0.12576015171030352 -0.017493107734319537 -0.0046473800795980335
0.1257952610453284 -0.017499829897767823 -0.004783922650045331
0.12576015171030352 -0.017493107734319537 -0.0046473800795980335
0.12576015171030352 -0.017493107734319537 -0.0046473800795980335
0.12576015171030352 -0.017493107734319537 -0.0046473800795980335
0.12576015171030352 -0.017493107734319537 -0.0046473800795980335
0.12593140289776547 -0.017530709054806873 -0.004552384106507033
0.14360231866523454 0.14755469742803062 -0.00213131809401775
0.1270761421565382 -0.017787364820068652 -0.004359657824347308
0.12595066887584555 -0.017444638057704843 -0.0047493570774923095
0.12576015171030352 -0.017493107734319537 -0.0046473800795980335
0.12620572904359648 -0.017557494983881074 -0.004766710572505055
0.12700028590730725 -0.017771151480019794 -0.004438593273925
0.12576015171030352 -0.017493107734319537 -0.0046473800795980335
0.12576015171030352 -0.017493107734319537 -0.0046473800795980335
0.1435360241877215 0.14313448574325258 4.9708755931224335e-06
0.12615816552188727 -0.01754254760143625 -0.004654622795863553
0.12576015171030352 -0.017493107734319537 -0.0046473800795980335
0.14361542158122412 0.14788282412946857 -0.0022833076924263546
0.1272864707220005 -0.01783531542133524 -0.0043904117033850675
0.12576015171030352 -0.017493107734319537 -0.0046473800795980335
0.12576015171030352 -0.017493107734319537 -0.0046473800795980335
0.12576015171030352 -0.017493107734319537 -0.0046473800795980335
0.12611444830950488 -0.013287738154443483 -0.006749903441366282
0.12702885415082865 -0.01779373960662187 -0.00437199234230237
0.12593140289776547 -0.017530709054806873 -0.004552384106507033
0.12576015171030352 -0.017493107734319537 -0.0046473800795980335
0.12576015171030352 -0.017493107734319537 -0.0046473800795980335
0.12576015171030352 -0.017493107734319537 -0.0046473800795980335
0.12576612468390494 -0.017494118648658116 -0.004626149191978103
0.12576015171030352 -0.017493107734319537 -0.0046473800795980335
0.12576015171030352 -0.017493107734319537 -0.0046473800795980335
0.12576015171030352 -0.017493107734319537 -0.0046473800795980335
0.12576015171030352 -0.017493107734319537 -0.0046473800795980335
0.1269837297610027 -0.01776743951647262 -0.004441380637509953
0.12618362414328935 -0.017555399717165614 -0.004857834265067792
0.12726262198744268 -0.017829968426225615 -0.004394426834263394
0.12577750917966002 -0.017488386390767587 -0.004657441688285286
0.12577636724088656 -0.017488697005474948 -0.004656779740345335
0.1261755229912437 -0.017537826257884304 -0.0046646844045508075
0.12577750917966002 -0.017488386390767587 -0.004657441688285286
0.1261755229912437 -0.017537826257884304 -0.0046646844045508075
0.12709569378067098 -0.017783929393190238 -0.0044355144542831786
0.12577636724088656 -0.017488697005474948 -0.004656779740345335
0.12577636724088656 -0.017488697005474948 -0.004656779740345335
0.14347027854630062 0.14333148855935166 -0.0001055403015661499
0.12576015171030352 -0.017493107734319537 -0.0046473800795980335
0.12576015171030352 -0.017493107734319537 -0.0046473800795980335
0.12655717797813168 -0.01898010567177121 0.05321913740062716
0.12576015171030352 -0.017493107734319537 -0.0046473800795980335
0.12702413464186502 -0.01777649847512941 -0.004434578143046671
0.12655717797813168 -0.01898010567177121 0.05321913740062716
0.12655717797813168 -0.01898010567177121 0.05321913740062716
0.12576015171030352 -0.017493107734319537 -0.0046473800795980335
0.12579057854426434 -0.01687750050601654 -0.0053844544718961275
0.12576015171030352 -0.017493107734319537 -0.0046473800795980335
0.12615816552188727 -0.01754254760143625 -0.004654622795863553
0.12576015171030352 -0.017493107734319537 -0.0046473800795980335
0.1271764119839744 -0.017841525612944078 -0.00437163834805946
0.1273623269712314 -0.01785152876138409 -0.004311476253807374
0.12734197323151666 -0.017847759337226713 -0.004381067398795505
0.12576015171030352 -0.017493107734319537 -0.0046473800795980335
0.12733631016989563 -0.017845695675809965 -0.004315856396583733
0.12733631016989563 -0.017845695675809965 -0.004315856396583733
0.1274230328410148 -0.0178651392943904 -0.004301255920662543
0.12739169840061262 -0.017853206761651128 -0.00437929521292179
0.1434077702202035 0.14307087662953688 0.00012915036012028168
0.1269968109138471 -0.017782850197025406 -0.004389636398550416
0.12576015171030352 -0.017493107734319537 -0.0046473800795980335
0.12576015171030352 -0.017493107734319537 -0.0046473800795980335
0.1434332288416056 0.14305802451380747 -7.406110908395516e-05
0.1257856103317056 -0.017505959850048894 -0.004850591548802271
0.12576015171030352 -0.017493107734319537 -0.0046473800795980335
0.1275502728238441 -0.019306462330763635 0.053494259251577185
0.1270494287542748 -0.017782169530548706 -0.004430319670902993
0.12576015171030352 -0.017493107734319537 -0.0046473800795980335
0.12561122307895448 -0.016937618615312056 -0.010053772730778879
0.12576015171030352 -0.017493107734319537 -0.0046473800795980335
0.12700028590730725 -0.017771151480019794 -0.004438593273925
0.12700028590730725 -0.017771151480019794 -0.004438593273925
0.12716286482765735 -0.017806808438649086 -0.0043450573484261155
0.12593140289776547 -0.017530709054806873 -0.004552384106507033
0.12576015171030352 -0.017493107734319537 -0.0046473800795980335
0.12699161364019534 -0.017769207118161743 -0.0044400533215171204
0.12576015171030352 -0.017493107734319537 -0.0046473800795980335
0.12576015171030352 -0.017493107734319537 -0.0046473800795980335
0.12576015171030352 -0.017493107734319537 -0.0046473800795980335
0.1257689503781841 -0.017487830623747886 -0.004650478993244527
0.1260596568652835 -0.017467099941091073 -0.004676563591034188
0.12576015171030352 -0.017493107734319537 -0.0046473800795980335
0.12582505637733468 -0.01750888945057039 -0.004624235669289817
0.12631013862684032 -0.019028418585063378 0.05328547244590414
0.12578625611528887 -0.017246868263745965 -0.004641495988216287
0.12576015171030352 -0.017493107734319537 -0.0046473800795980335
0.12575268932434694 -0.01753408442102963 -0.004676501235276934
0.1257906815668469 -0.017498953093839788 -0.004766112749552205
0.1277128517441941 -0.019342119289392924 0.053587795177076056
0.12576015171030352 -0.017493107734319537 -0.0046473800795980335
0.12576015171030352 -0.017493107734319537 -0.0046473800795980335
0.12576015171030352 -0.017493107734319537 -0.0046473800795980335
0.12578364400002207 -0.017504816090036644 -0.004600870699162056
0.12576015171030352 -0.017493107734319537 -0.0046473800795980335
0.12578871995382493 -0.017515695860921613 -0.004580779147975403
0.1260158841681713 -0.017445798955068436 -0.00471537181752184
0.12576015171030352 -0.017493107734319537 -0.0046473800795980335
0.12576015171030352 -0.017493107734319537 -0.0046473800795980335
0.1273453465526231 -0.017756151412755078 -0.00452627156864918
0.12700028590730725 -0.017771151480019794 -0.004438593273925
0.12578364400002207 -0.017504816090036644 -0.004600870699162056
0.12576015171030352 -0.017493107734319537 -0.0046473800795980335
0.12576015171030352 -0.017493107734319537 -0.0046473800795980335
0.12631013862684032 -0.019028418585063378 0.05328547244590414
0.12701336706015162 -0.01778656216057258 -0.004386849034965459
0.12576015171030352 -0.017493107734319537 -0.0046473800795980335
0.12576015171030352 -0.017493107734319537 -0.0046473800795980335
0.12576015171030352 -0.017493107734319537 -0.0046473800795980335
0.1256158331008652 -0.017117268294163636 -0.005191305028425322
0.12576015171030352 -0.017493107734319537 -0.0046473800795980335
0.12576015171030352 -0.017493107734319537 -0.0046473800795980335
0.12631013862684032 -0.019028418585063378 0.05328547244590414
0.12631013862684032 -0.019028418585063378 0.05328547244590414
0.12576612468390494 -0.017494118648658116 -0.004626149191978103
0.12615816552188727 -0.01754254760143625 -0.004654622795863553
0.12700028590730725 -0.017771151480019794 -0.004438593273925
0.12561122307895448 -0.016937618615312056 -0.010053772730778879
0.12576015171030352 -0.017493107734319537 -0.0046473800795980335
0.12578734223952312 -0.01724840826847245 -0.004725929369476094
0.12576015171030352 -0.017493107734319537 -0.0046473800795980335
0.12724001347743635 -0.017808807401394122 -0.004365892649965511
0.12561122307895448 -0.016937618615312056 -0.010053772730778879
0.12700028590730725 -0.017771151480019794 -0.004438593273925
0.12577596534595908 -0.01744225288849732 -0.004657814390329831
0.12621483703876643 -0.01755632740864894 -0.004634414251556378
0.12587893709407688 -0.01750840393474317 -0.004589535640347831
0.12576015171030352 -0.017493107734319537 -0.0046473800795980335
0.12615816552188727 -0.01754254760143625 -0.004654622795863553
0.12563762426808012 -0.017123732197142836 -0.005419110866307702
0.12578146679721533 -0.017506062565160258 -0.004610394760002735
0.1258884056778215 -0.01742949862060373 -0.004771559564125192
0.12717153709476925 -0.017808752800507133 -0.004343597300833997
0.12718250131311273 -0.017720663211791617 -0.0045435306033703255
0.12700028590730725 -0.017771151480019794 -0.004438593273925
0.12578426064621157 -0.017276140874601786 -0.004717027116623248
0.12576015171030352 -0.017493107734319537 -0.0046473800795980335
0.12593140289776547 -0.017530709054806873 -0.004552384106507033
0.1435798514135994 0.1472257579411847 -0.0018684356722026422
0.12576015171030352 -0.017493107734319537 -0.0046473800795980335
0.12593140289776547 -0.017530709054806873 -0.004552384106507033
0.1270961640672987 -0.017800307284064315 -0.004311403491070143
0.12575318027079146 -0.01753138858637766 -0.004674585369771743
0.12588745529697393 -0.01750537475987761 -0.0045938187064125625
0.12576015171030352 -0.017493107734319537 -0.0046473800795980335
0.12576015171030352 -0.017493107734319537 -0.0046473800795980335
0.1271549809484647 -0.017805040836959957 -0.004346384664418951
0.12576624044921858 -0.0174487633063593 -0.004654885789387474
0.12576015171030352 -0.017493107734319537 -0.0046473800795980335
0.1258884056778215 -0.01742949862060373 -0.004771559564125192
0.12576015171030352 -0.017493107734319537 -0.0046473800795980335
0.12576015171030352 -0.017493107734319537 -0.0046473800795980335
0.12581339578011516 -0.017503302041322853 -0.004854449855998107
0.12576015171030352 -0.017493107734319537 -0.0046473800795980335
0.12576015171030352 -0.017493107734319537 -0.0046473800795980335
0.12576015171030352 -0.017493107734319537 -0.0046473800795980335
0.12576015171030352 -0.017493107734319537 -0.0046473800795980335
0.14343830007674693 0.14306503127001655 1.0417690166109227e-05
0.14343830007674693 0.14306503127001655 1.0417690166109227e-05
0.12593140289776547 -0.017530709054806873 -0.004552384106507033
0.12615816552188727 -0.01754254760143625 -0.004654622795863553
0.12576015171030352 -0.017493107734319537 -0.0046473800795980335
0.12618362414328935 -0.017555399717165614 -0.004857834265067792
0.1434077702202035 0.14307087662953688 0.00012915036012028168
0.1267081524384241 -0.0190778584521801 0.053278229729638596
0.12576015171030352 -0.017493107734319537 -0.0046473800795980335
0.12576245722971777 -0.017487730435907956 -0.004650743560656249
0.12576015171030352 -0.017493107734319537 -0.0046473800795980335
0.12576015171030352 -0.017493107734319537 -0.0046473800795980335
0.1259098998705642 -0.017441917523511527 -0.004724045513871562
0.12576395632417767 -0.017489826502130074 -0.004647895527771845
0.12576015171030352 -0.017493107734319537 -0.0046473800795980335
0.12593140289776547 -0.017530709054806873 -0.004552384106507033
0.1263118781108073 -0.01749179060344981 -0.004982013749594951
0.12589723936971473 -0.01742635725407649 -0.004776001262266397
0.12593140289776547 -0.017530709054806873 -0.004552384106507033
0.1258137357958757 -0.01750613682564291 -0.0046282724850412495
0.14358854452017578 0.1472247538071436 -0.0018700923648494927
0.12578146679721533 -0.017506062565160258 -0.004610394760002735
0.12576015171030352 -0.017493107734319537 -0.0046473800795980335
0.12576015171030352 -0.017493107734319537 -0.0046473800795980335
0.12578146679721533 -0.017506062565160258 -0.004610394760002735
0.12576015171030352 -0.017493107734319537 -0.0046473800795980335
0.12576015171030352 -0.017493107734319537 -0.0046473800795980335
0.12576015171030352 -0.017493107734319537 -0.0046473800795980335
0.12631013862684032 -0.019028418585063378 0.05328547244590414
0.12578146679721533 -0.017506062565160258 -0.004610394760002735
0.12572850692106385 -0.01751469267327713 -0.004708763679168542
0.14676327049456075 0.16362209295779778 0.0009867246933543022
0.1269837297610027 -0.01776743951647262 -0.004441380637509953
0.12737792372063517 -0.01785581960092915 -0.004375014837868174
0.12582154872239182 -0.017462575069154402 -0.004743279216907951
0.12576612468390494 -0.017494118648658116 -0.004626149191978103
0.12576015171030352 -0.017493107734319537 -0.0046473800795980335
0.1273211597904481 -0.01784309286876741 -0.00438457151301659
0.12576015171030352 -0.017493107734319537 -0.0046473800795980335
0.12709568084553832 -0.017792539460458265 -0.0044225327504116875
0.12576015171030352 -0.017493107734319537 -0.0046473800795980335
0.12576015171030352 -0.017493107734319537 -0.0046473800795980335
0.125791583305307 -0.01750697076438747 -0.004829360661182339
0.12576015171030352 -0.017493107734319537 -0.0046473800795980335
0.12561122307895448 -0.016937618615312056 -0.010053772730778879
0.12576015171030352 -0.017493107734319537 -0.0046473800795980335
0.12576015171030352 -0.017493107734319537 -0.0046473800795980335
0.12700028590730725 -0.017771151480019794 -0.004438593273925
0.12578138177847856 -0.017182281655339603 -0.004895786597128167
0.1270761421565382 -0.017787364820068652 -0.004359657824347308
0.12578138177847856 -0.017182281655339603 -0.004895786597128167
0.1435360241877215 0.14313448574325258 4.9708755931224335e-06
0.12588483907208553 -0.017152360164563195 -0.0050643822082169975
0.12576015171030352 -0.017493107734319537 -0.0046473800795980335
0.12576015171030352 -0.017493107734319537 -0.0046473800795980335
0.12595617131063638 -0.017168078629330282 -0.004842191710292188
0.14673682124237297 0.1642294965293928 -0.00453364522905336
0.12593140289776547 -0.017530709054806873 -0.004552384106507033
0.12649575020708348 -0.018978756104313446 0.053181746161184235
0.12576015171030352 -0.017493107734319537 -0.0046473800795980335
0.12576015171030352 -0.017493107734319537 -0.0046473800795980335
0.12561122307895448 -0.016937618615312056 -0.010053772730778879
0.12576015171030352 -0.017493107734319537 -0.0046473800795980335
0.12576015171030352 -0.017493107734319537 -0.0046473800795980335
0.12584575160560324 -0.017149141451340645 -0.0048946117642369785
0.12768568084057655 -0.0193379082204519 0.05352785287971351
0.12593140289776547 -0.017530709054806873 -0.004552384106507033
0.12575406330381825 -0.017497238400367016 -0.004649969898867602
0.12593140289776547 -0.017530709054806873 -0.004552384106507033
0.12576015171030352 -0.017493107734319537 -0.0046473800795980335
0.12633559724824242 -0.019041270700792735 0.05308226097669992
0.12699161364019534 -0.017769207118161743 -0.0044400533215171204
0.12576015171030352 -0.017493107734319537 -0.0046473800795980335
0.12576015171030352 -0.017493107734319537 -0.0046473800795980335
0.12631013862684032 -0.019028418585063378 0.05328547244590414
0.12648138981430232 -0.019066019905550718 0.05338046841899514
0.12648138981430232 -0.019066019905550718 0.05338046841899514
0.12593140289776547 -0.017530709054806873 -0.004552384106507033
0.12649575020708348 -0.018978756104313446 0.053181746161184235
0.12576015171030352 -0.017493107734319537 -0.0046473800795980335
0.1271414073448557 -0.017802791550255232 -0.0044148343176532425
0.12593140289776547 -0.017530709054806873 -0.004552384106507033
0.12576015171030352 -0.017493107734319537 -0.0046473800795980335
0.12576015171030352 -0.017493107734319537 -0.0046473800795980335
0.1272338197403912 -0.017822716853851263 -0.004333111504490595
0.1269837297610027 -0.01776743951647262 -0.004441380637509953
0.12580188846989582 -0.017157062060283782 -0.005332266749442664
0.1270761421565382 -0.017787364820068652 -0.004359657824347308
0.1257856103317056 -0.017505959850048894 -0.004850591548802271
0.12576612468390494 -0.017494118648658116 -0.004626149191978103
0.12969817975504863 0.0016068035716658717 0.05412791010246065
0.14395775713674036 0.141535565778793 0.05806200288562247
0.14695765155972873 0.16393747431374786 0.0008089226218070674
0.1263313793079776 -0.018673211262856898 0.05282139137266128
0.12700028590730725 -0.017771151480019794 -0.004438593273925
0.12717290338949053 -0.01779070138205375 -0.004349156609648961
0.12791231388776814 -0.019386839612127935 0.053621376271694776
0.12781828524425834 -0.019347400213236075 0.05359975643936653
0.12576015171030352 -0.017493107734319537 -0.0046473800795980335
0.12690489096907623 -0.01774976349958131 -0.004454653797438309
0.12690489096907623 -0.01774976349958131 -0.004454653797438309
0.1272107786820834 -0.01782404418014975 -0.0044047778226237976
0.12780094071003456 -0.019343511489519984 0.05359683634418228
0.12576015171030352 -0.017493107734319537 -0.0046473800795980335
0.12576015171030352 -0.017493107734319537 -0.0046473800795980335
0.12576015171030352 -0.017493107734319537 -0.0046473800795980335
0.12576245722971777 -0.017487730435907956 -0.004650743560656249
0.12602687756006714 -0.011053041701265328 -0.007743638429698565
0.1257856103317056 -0.017505959850048894 -0.004850591548802271
0.12576612468390494 -0.017494118648658116 -0.004626149191978103
0.12576015171030352 -0.017493107734319537 -0.0046473800795980335
0.1257895056080408 -0.01738449636795942 -0.004691729037050945
0.12716286482765735 -0.017806808438649086 -0.0043450573484261155
0.12716286482765735 -0.017806808438649086 -0.0043450573484261155
0.12716286482765735 -0.017806808438649086 -0.0043450573484261155
0.1258884056778215 -0.01742949862060373 -0.004771559564125192
0.1258884056778215 -0.01742949862060373 -0.004771559564125192
0.12576015171030352 -0.017493107734319537 -0.0046473800795980335
0.12724958749877643 -0.01782625205722952 -0.004330456872504924
0.12576015171030352 -0.017493107734319537 -0.0046473800795980335
0.12576015171030352 -0.017493107734319537 -0.0046473800795980335
0.12576015171030352 -0.017493107734319537 -0.0046473800795980335
0.12576015171030352 -0.017493107734319537 -0.0046473800795980335
0.12577937780674386 -0.01748787811215553 -0.004658524875823388
0.14375707557466283 0.14718714570635877 -0.0017522088114917123
0.12618673376540862 -0.01756513572803833 -0.0045880218642409265
0.12735480957802559 -0.017840663717550644 -0.004326579953210936
0.12631013862684032 -0.019028418585063378 0.05328547244590414
0.12576015171030352 -0.017493107734319537 -0.0046473800795980335
0.14675749590620413 0.16361039829666954 0.0009969269066546413
0.14675749590620413 0.16361039829666954 0.0009969269066546413
0.14675749590620413 0.16361039829666954 0.0009969269066546413
0.14675749590620413 0.16361039829666954 0.0009969269066546413
0.1257856103317056 -0.017505959850048894 -0.004850591548802271
0.12576015171030352 -0.017493107734319537 -0.0046473800795980335
0.125949441023039 -0.01292273829150687 -0.0068447247151532465
0.14675749590620413 0.16361039829666954 0.0009969269066546413
0.12716286482765735 -0.017806808438649086 -0.0043450573484261155
0.14676327049456075 0.16362209295779778 0.0009867246933543022
0.12690489096907623 -0.01774976349958131 -0.004454653797438309
0.12724958749877643 -0.01782625205722952 -0.004330456872504924
0.12631013862684032 -0.019028418585063378 0.05328547244590414
0.12561122307895448 -0.016937618615312056 -0.010053772730778879
0.12615816552188727 -0.01754254760143625 -0.004654622795863553
0.14675749590620413 0.16361039829666954 0.0009969269066546413
0.14675749590620413 0.16361039829666954 0.0009969269066546413
0.14675749590620413 0.16361039829666954 0.0009969269066546413
0.14675749590620413 0.16361039829666954 0.0009969269066546413
0.14675749590620413 0.16361039829666954 0.0009969269066546413
0.12592222305658682 -0.01732348545376151 -0.004816182253683784
0.1256273347969217 -0.01693323612416813 -0.010063112214440726
0.1270761421565382 -0.017787364820068652 -0.004359657824347308
0.12576015171030352 -0.017493107734319537 -0.0046473800795980335
0.1256301623890811 -0.016933548445325904 -0.005271186052487536
0.12631013862684032 -0.019028418585063378 0.05328547244590414
0.12576015171030352 -0.017493107734319537 -0.0046473800795980335
0.12593140289776547 -0.017530709054806873 -0.004552384106507033
0.12576015171030352 -0.017493107734319537 -0.0046473800795980335
0.12716286482765735 -0.017806808438649086 -0.0043450573484261155
0.12576015171030352 -0.017493107734319537 -0.0046473800795980335
0.12561122307895448 -0.016937618615312056 -0.010053772730778879
0.12594761528826098 -0.017525103192636515 -0.004565045624789136
0.12631013862684032 -0.019028418585063378 0.05328547244590414
0.12690489096907623 -0.01774976349958131 -0.004454653797438309
0.12600794862879358 -0.011510078645546594 -0.007523903966143042
0.1270625685529292 -0.017785115533363923 -0.004428107477581596
0.1269837297610027 -0.01776743951647262 -0.004441380637509953
0.12631013862684032 -0.019028418585063378 0.05328547244590414
0.12576015171030352 -0.017493107734319537 -0.0046473800795980335
0.12576015171030352 -0.017493107734319537 -0.0046473800795980335
0.12624866679863586 -0.01731108265380618 -0.004817784859342009
0.12731265853231763 -0.017840392870742575 -0.004319838344562242
0.12615816552188727 -0.01754254760143625 -0.004654622795863553
0.12582174245986497 -0.01205642309351945 -0.012499523883864232
0.12699161364019534 -0.017769207118161743 -0.0044400533215171204
0.1275337166775395 -0.019302750367216463 0.05349147188799224
0.12576015171030352 -0.017493107734319537 -0.0046473800795980335
0.1269837297610027 -0.01776743951647262 -0.004441380637509953
0.12576015171030352 -0.017493107734319537 -0.0046473800795980335
0.12731265853231763 -0.017840392870742575 -0.004319838344562242
0.1269837297610027 -0.01776743951647262 -0.004441380637509953
0.1271549809484647 -0.017805040836959957 -0.004346384664418951
0.12716286482765735 -0.017806808438649086 -0.0043450573484261155
0.12593140289776547 -0.017530709054806873 -0.004552384106507033
0.12716286482765735 -0.017806808438649086 -0.0043450573484261155
0.12588498745746962 -0.017264206914020256 -0.00492979026120447
0.12716286482765735 -0.017806808438649086 -0.0043450573484261155
0.12716286482765735 -0.017806808438649086 -0.0043450573484261155
0.12690489096907623 -0.01774976349958131 -0.004454653797438309
0.14675749590620413 0.16361039829666954 0.0009969269066546413
0.12576015171030352 -0.017493107734319537 -0.0046473800795980335
0.12731265853231763 -0.017840392870742575 -0.004319838344562242
0.12593140289776547 -0.017530709054806873 -0.004552384106507033
0.143597059532939 0.1476412460723495 -0.002068194275434934
0.12717153709476925 -0.017808752800507133 -0.004343597300833997
0.12700028590730725 -0.017771151480019794 -0.004438593273925
0.12648138981430232 -0.019066019905550718 0.05338046841899514
0.12609834473376447 -0.012360543420393317 -0.007208614523559158
0.12754160055673214 -0.019304517968905588 0.05349279920398506
0.12576015171030352 -0.017493107734319537 -0.0046473800795980335
0.12576015171030352 -0.017493107734319537 -0.0046473800795980335
0.12576015171030352 -0.017493107734319537 -0.0046473800795980335
0.12576015171030352 -0.017493107734319537 -0.0046473800795980335
0.12576015171030352 -0.017493107734319537 -0.0046473800795980335
0.12576015171030352 -0.017493107734319537 -0.0046473800795980335
0.12576015171030352 -0.017493107734319537 -0.0046473800795980335
0.12576015171030352 -0.017493107734319537 -0.0046473800795980335
0.12576015171030352 -0.017493107734319537 -0.0046473800795980335
0.12700028590730725 -0.017771151480019794 -0.004438593273925
0.12700028590730725 -0.017771151480019794 -0.004438593273925
0.12587893709407688 -0.01750840393474317 -0.004589535640347831
0.12576015171030352 -0.017493107734319537 -0.0046473800795980335
0.12594850767393065 -0.01744411255658233 -0.004750127742317581
0.1294503715566665 0.008032767381438013 -0.006369510030999411
0.12577323286314793 -0.017508518414872325 -0.004595635840638494
0.1258271943014354 -0.01752163926035995 -0.0045763936855566624
0.12690489096907623 -0.01774976349958131 -0.004454653797438309
0.12733631016989563 -0.017845695675809965 -0.004315856396583733
0.12576015171030352 -0.017493107734319537 -0.0046473800795980335
0.12576015171030352 -0.017493107734319537 -0.0046473800795980335
0.12561122307895448 -0.016937618615312056 -0.010053772730778879
0.12576015171030352 -0.017493107734319537 -0.0046473800795980335
0.1434228438120131 0.14307497674367406 0.00012041264731292934
0.12576015171030352 -0.017493107734319537 -0.0046473800795980335
0.12576015171030352 -0.017493107734319537 -0.0046473800795980335
0.12576015171030352 -0.017493107734319537 -0.0046473800795980335
0.12576015171030352 -0.017493107734319537 -0.0046473800795980335
0.12576015171030352 -0.017493107734319537 -0.0046473800795980335
0.1269837297610027 -0.01776743951647262 -0.004441380637509953
0.12615816552188727 -0.01754254760143625 -0.004654622795863553
0.12576015171030352 -0.017493107734319537 -0.0046473800795980335
0.1258884056778215 -0.01742949862060373 -0.004771559564125192
0.12582128285018168 -0.017507971908927895 -0.0046255812745402925
0.12690489096907623 -0.01774976349958131 -0.004454653797438309
0.12699114853254942 -0.017764801312549303 -0.004445110894823345
0.14675749590620413 0.16361039829666954 0.0009969269066546413
0.12590741512114392 -0.01718916765868584 -0.004771911847498659
0.12576015171030352 -0.017493107734319537 -0.0046473800795980335
0.12747559711737244 -0.017878144488792665 -0.0042802859759686444
0.12778380665692796 -0.019358027704595108 0.05359974102101159
0.1257752253021131 -0.017489007620182316 -0.004656117792405384
0.12576015171030352 -0.017493107734319537 -0.0046473800795980335
0.1436788227957372 0.14329356027474932 -0.00015910204905625471
0.1436788227957372 0.14329356027474932 -0.00015910204905625471
0.12576015171030352 -0.017493107734319537 -0.0046473800795980335
0.12576015171030352 -0.017493107734319537 -0.0046473800795980335
0.12576015171030352 -0.017493107734319537 -0.0046473800795980335
0.12716286482765735 -0.017806808438649086 -0.0043450573484261155
0.12576015171030352 -0.017493107734319537 -0.0046473800795980335
0.12576015171030352 -0.017493107734319537 -0.0046473800795980335
0.1434077702202035 0.14307087662953688 0.00012915036012028168
0.12576015171030352 -0.017493107734319537 -0.0046473800795980335
0.12579770929874132 -0.017472869302424095 -0.004852621987202509
0.12576015171030352 -0.017493107734319537 -0.0046473800795980335
0.12593140289776547 -0.017530709054806873 -0.004552384106507033
0.12690489096907623 -0.01774976349958131 -0.004454653797438309
0.12690489096907623 -0.01774976349958131 -0.004454653797438309
0.12700028590730725 -0.017771151480019794 -0.004438593273925
0.12576015171030352 -0.017493107734319537 -0.0046473800795980335
0.12614056896213327 -0.01757566540789304 -0.0046128221412568525
0.12561122307895448 -0.016937618615312056 -0.010053772730778879
0.12648138981430232 -0.019066019905550718 0.05338046841899514
0.12561122307895448 -0.016937618615312056 -0.010053772730778879
0.1270783363113145 -0.017788650736742184 -0.0044254528455959265
0.12733631016989563 -0.017845695675809965 -0.004315856396583733
0.12592080302127748 -0.01754238813224056 -0.004578812496486689
0.12576015171030352 -0.017493107734319537 -0.0046473800795980335
0.12576015171030352 -0.017493107734319537 -0.0046473800795980335
0.12576015171030352 -0.017493107734319537 -0.0046473800795980335
0.12576015171030352 -0.017493107734319537 -0.0046473800795980335
0.12576015171030352 -0.017493107734319537 -0.0046473800795980335
0.12576015171030352 -0.017493107734319537 -0.0046473800795980335
0.12576015171030352 -0.017493107734319537 -0.0046473800795980335
0.1257777375674147 -0.017488324267826108 -0.0046575740778732775
0.12576015171030352 -0.017493107734319537 -0.0046473800795980335
0.12576015171030352 -0.017493107734319537 -0.0046473800795980335
0.12576015171030352 -0.017493107734319537 -0.0046473800795980335
0.12576015171030352 -0.017493107734319537 -0.0046473800795980335
0.12576015171030352 -0.017493107734319537 -0.0046473800795980335
0.12747033611617067 -0.017875744904525183 -0.004293292024705529
0.12731265853231763 -0.017840392870742575 -0.004319838344562242
0.1269837297610027 -0.01776743951647262 -0.004441380637509953
0.1269837297610027 -0.01776743951647262 -0.004441380637509953
0.12576015171030352 -0.017493107734319537 -0.0046473800795980335
0.12576015171030352 -0.017493107734319537 -0.0046473800795980335
0.12576015171030352 -0.017493107734319537 -0.0046473800795980335
0.12576015171030352 -0.017493107734319537 -0.0046473800795980335
0.1432588415888545 0.14362636574854434 -0.005277242291060562
0.12731265853231763 -0.017840392870742575 -0.004319838344562242
0.12581906551238506 -0.017143719439881664 -0.005050118001387991
0.12576015171030352 -0.017493107734319537 -0.0046473800795980335
0.12576015171030352 -0.017493107734319537 -0.0046473800795980335
0.12576015171030352 -0.017493107734319537 -0.0046473800795980335
0.12593140289776547 -0.017530709054806873 -0.004552384106507033
0.12628641948940525 -0.017478938487720454 -0.004778802280390714
0.12716286482765735 -0.017806808438649086 -0.0043450573484261155
0.12576015171030352 -0.017493107734319537 -0.0046473800795980335
0.12743295574726762 -0.017520020055534234 -0.004575755902970589
0.12576015171030352 -0.017493107734319537 -0.0046473800795980335
0.12576015171030352 -0.017493107734319537 -0.0046473800795980335
0.12576015171030352 -0.017493107734319537 -0.0046473800795980335
0.12576015171030352 -0.017493107734319537 -0.0046473800795980335
0.12576015171030352 -0.017493107734319537 -0.0046473800795980335
0.12615816552188727 -0.01754254760143625 -0.004654622795863553
0.12695470152749547 -0.017761875049262205 -0.004436891808132004
0.1259125599978113 -0.017075859032122432 -0.005054181855419807
0.12576015171030352 -0.017493107734319537 -0.0046473800795980335
0.12578871995382493 -0.017515695860921613 -0.004580779147975403
0.12576015171030352 -0.017493107734319537 -0.0046473800795980335
0.12576015171030352 -0.017493107734319537 -0.0046473800795980335
0.12576015171030352 -0.017493107734319537 -0.0046473800795980335
0.12576015171030352 -0.017493107734319537 -0.0046473800795980335
0.1258884056778215 -0.01742949862060373 -0.004771559564125192
0.12576015171030352 -0.017493107734319537 -0.0046473800795980335
0.12576015171030352 -0.017493107734319537 -0.0046473800795980335
0.12576015171030352 -0.017493107734319537 -0.0046473800795980335
0.12581826402845933 -0.0175072378756139 -0.004626657758740676
0.12581826402845933 -0.0175072378756139 -0.004626657758740676
0.12730763670075665 -0.017841283574131624 -0.004374702091562495
0.12576015171030352 -0.017493107734319537 -0.0046473800795980335
0.12576015171030352 -0.017493107734319537 -0.0046473800795980335
0.12576015171030352 -0.017493107734319537 -0.0046473800795980335
0.12581826402845933 -0.0175072378756139 -0.004626657758740676
0.12576015171030352 -0.017493107734319537 -0.0046473800795980335
0.1258884056778215 -0.01742949862060373 -0.004771559564125192
0.12576015171030352 -0.017493107734319537 -0.0046473800795980335
0.12587893709407688 -0.01750840393474317 -0.004589535640347831
0.12576015171030352 -0.017493107734319537 -0.0046473800795980335
0.12576015171030352 -0.017493107734319537 -0.0046473800795980335
0.1434077702202035 0.14307087662953688 0.00012915036012028168
0.1258884056778215 -0.01742949862060373 -0.004771559564125192
0.12576015171030352 -0.017493107734319537 -0.0046473800795980335
0.12561122307895448 -0.016937618615312056 -0.010053772730778879
0.12576015171030352 -0.017493107734319537 -0.0046473800795980335
0.12576015171030352 -0.017493107734319537 -0.0046473800795980335
0.12576015171030352 -0.017493107734319537 -0.0046473800795980335
0.12576015171030352 -0.017493107734319537 -0.0046473800795980335
0.12763127417527595 -0.017820705423629263 -0.004399633314686204
0.12618673376540862 -0.01756513572803833 -0.0045880218642409265
0.12576015171030352 -0.017493107734319537 -0.0046473800795980335
0.12576015171030352 -0.017493107734319537 -0.0046473800795980335
0.1271414073448557 -0.017802791550255232 -0.0044148343176532425
0.1270625685529292 -0.017785115533363923 -0.004428107477581596
0.1269837297610027 -0.01776743951647262 -0.004441380637509953
0.12576015171030352 -0.017493107734319537 -0.0046473800795980335
0.12562837292307943 -0.01693295374716144 -0.010063713985295231
0.12576015171030352 -0.017493107734319537 -0.0046473800795980335
0.12576015171030352 -0.017493107734319537 -0.0046473800795980335
0.12562837292307943 -0.01693295374716144 -0.010063713985295231
0.12720150934096486 -0.017817405486233825 -0.004393402495845635
0.12576015171030352 -0.017493107734319537 -0.0046473800795980335
0.12576015171030352 -0.017493107734319537 -0.0046473800795980335
0.12562880893606562 -0.016932835148818628 -0.010063966729054121
0.12615816552188727 -0.01754254760143625 -0.004654622795863553
0.12716286482765735 -0.017806808438649086 -0.0043450573484261155
0.12576015171030352 -0.017493107734319537 -0.0046473800795980335
0.14675749590620413 0.16361039829666954 0.0009969269066546413
0.12576015171030352 -0.017493107734319537 -0.0046473800795980335
0.12578138177847856 -0.017182281655339603 -0.004895786597128167
0.12576015171030352 -0.017493107734319537 -0.0046473800795980335
0.12576015171030352 -0.017493107734319537 -0.0046473800795980335
0.12631013862684032 -0.019028418585063378 0.05328547244590414
0.12716286482765735 -0.017806808438649086 -0.0043450573484261155
0.12623975384413047 -0.017483246480240706 -0.004734713530187209
0.12576015171030352 -0.017493107734319537 -0.0046473800795980335
0.12576015171030352 -0.017493107734319537 -0.0046473800795980335
0.12576015171030352 -0.017493107734319537 -0.0046473800795980335
0.12615816552188727 -0.01754254760143625 -0.004654622795863553
0.12576015171030352 -0.017493107734319537 -0.0046473800795980335
0.12576015171030352 -0.017493107734319537 -0.0046473800795980335
0.12574402153052905 -0.017523465723571587 -0.0046090628128752234
0.14675749590620413 0.16361039829666954 0.0009969269066546413
0.12576015171030352 -0.017493107734319537 -0.0046473800795980335
0.12576015171030352 -0.017493107734319537 -0.0046473800795980335
0.12578330427235032 -0.012782737303664174 -0.012051358763101802
0.12576015171030352 -0.017493107734319537 -0.0046473800795980335
0.12732029472473824 -0.01783270168665746 -0.0043355580565954295
0.12778380665692796 -0.019358027704595108 0.05359974102101159
0.12589725849025996 -0.01742635045458184 -0.004776010876331636
0.12578017362106403 -0.017506050198315203 -0.004599125746320869
0.12579421588559014 -0.017499960487604868 -0.004868926296063831
0.12576015171030352 -0.017493107734319537 -0.0046473800795980335
0.12593140289776547 -0.017530709054806873 -0.004552384106507033
0.12584288220592307 -0.01752035341461513 -0.004578120101645489
0.12615816552188727 -0.01754254760143625 -0.004654622795863553
0.12576015171030352 -0.017493107734319537 -0.0046473800795980335
0.12576015171030352 -0.017493107734319537 -0.0046473800795980335
0.12576015171030352 -0.017493107734319537 -0.0046473800795980335
0.12576015171030352 -0.017493107734319537 -0.0046473800795980335
0.12631611160044173 -0.01902942949940196 0.053306703333524066
0.1471738638803271 0.1635722509704998 0.0009772427858576926
0.12615816552188727 -0.01754254760143625 -0.004654622795863553
0.12575268932434694 -0.01753408442102963 -0.004676501235276934
0.1434332288416056 0.14305802451380747 -7.406110908395516e-05
0.12575938431128947 -0.017486042293075873 -0.004653935416284317
0.12576015171030352 -0.017493107734319537 -0.0046473800795980335
0.1257856103317056 -0.017505959850048894 -0.004850591548802271
0.12577225067733927 -0.01746001718669474 -0.004649410517998272
0.12576015171030352 -0.017493107734319537 -0.0046473800795980335
0.12576015171030352 -0.017493107734319537 -0.0046473800795980335
0.12577323286314793 -0.017508518414872325 -0.004595635840638494
0.12576015171030352 -0.017493107734319537 -0.0046473800795980335
0.12576015171030352 -0.017493107734319537 -0.0046473800795980335
0.12576015171030352 -0.017493107734319537 -0.0046473800795980335
0.1258884056778215 -0.01742949862060373 -0.004771559564125192
0.12576015171030352 -0.017493107734319537 -0.0046473800795980335
0.12576015171030352 -0.017493107734319537 -0.0046473800795980335
0.12576015171030352 -0.017493107734319537 -0.0046473800795980335
0.12951275774610838 0.0030081098655415834 -0.003792771681167373
0.12632941670934925 -0.01758014892192359 -0.004559626822772551
0.12631013862684032 -0.019028418585063378 0.05328547244590414
0.12576015171030352 -0.017493107734319537 -0.0046473800795980335
0.12576015171030352 -0.017493107734319537 -0.0046473800795980335
0.12576015171030352 -0.017493107734319537 -0.0046473800795980335
0.12615816552188727 -0.01754254760143625 -0.004654622795863553
0.12754160055673214 -0.019304517968905588 0.05349279920398506
0.1270761421565382 -0.017787364820068652 -0.004359657824347308
0.12591540602526186 -0.017560816151585768 -0.004514383511410028
0.12576015171030352 -0.017493107734319537 -0.0046473800795980335
0.12576015171030352 -0.017493107734319537 -0.0046473800795980335
0.1257454879105085 -0.017520705906366858 -0.004612546200759113
0.12576015171030352 -0.017493107734319537 -0.0046473800795980335
0.12615907964478654 -0.018644502789325244 0.05271376127277065
0.12576015171030352 -0.017493107734319537 -0.0046473800795980335
0.1277128517441941 -0.019342119289392924 0.053587795177076056
0.12631013862684032 -0.019028418585063378 0.05328547244590414
0.12576015171030352 -0.017493107734319537 -0.0046473800795980335
0.12576015171030352 -0.017493107734319537 -0.0046473800795980335
0.12576015171030352 -0.017493107734319537 -0.0046473800795980335
0.12576015171030352 -0.017493107734319537 -0.0046473800795980335
0.12738186566023157 -0.01785670340177372 -0.0043743511798717575
0.12576015171030352 -0.017493107734319537 -0.0046473800795980335
0.12700028590730725 -0.017771151480019794 -0.004438593273925
0.12576015171030352 -0.017493107734319537 -0.0046473800795980335
0.12729912114642325 -0.017818771890359113 -0.004288851775230288
0.12576015171030352 -0.017493107734319537 -0.0046473800795980335
0.12576015171030352 -0.017493107734319537 -0.0046473800795980335
0.12717153709476925 -0.017808752800507133 -0.004343597300833997
0.12631013862684032 -0.019028418585063378 0.05328547244590414
0.12593140289776547 -0.017530709054806873 -0.004552384106507033
0.1434077702202035 0.14307087662953688 0.00012915036012028168
0.12577225067733927 -0.01746001718669474 -0.004649410517998272
0.12576015171030352 -0.017493107734319537 -0.0046473800795980335
0.12580141007969964 -0.016619956427364097 -0.010407715210407118
0.12700028590730725 -0.017771151480019794 -0.004438593273925
0.12585901999744453 -0.010954589526539108 -0.012930296617323887
0.12578524179087405 -0.0171257678227978 -0.004940951418497284
0.12576612468390494 -0.017494118648658116 -0.004626149191978103
0.12576015171030352 -0.017493107734319537 -0.0046473800795980335
0.12576015171030352 -0.017493107734319537 -0.0046473800795980335
0.12560986012726377 -0.017116257379825056 -0.005212535916045248
0.12576015171030352 -0.017493107734319537 -0.0046473800795980335
0.12576015171030352 -0.017493107734319537 -0.0046473800795980335
0.12576015171030352 -0.017493107734319537 -0.0046473800795980335
0.12576015171030352 -0.017493107734319537 -0.0046473800795980335
0.12633559724824242 -0.019041270700792735 0.05308226097669992
0.12576015171030352 -0.017493107734319537 -0.0046473800795980335
0.12576015171030352 -0.017493107734319537 -0.0046473800795980335
0.12576015171030352 -0.017493107734319537 -0.0046473800795980335
0.12648138981430232 -0.019066019905550718 0.05338046841899514
0.12690489096907623 -0.01774976349958131 -0.004454653797438309
0.1258884056778215 -0.01742949862060373 -0.004771559564125192
0.12587893709407688 -0.01750840393474317 -0.004589535640347831
0.1270783363113145 -0.017788650736742184 -0.0044254528455959265
0.12573000846272783 -0.016952914815735687 -0.009995928291528674
0.1257856103317056 -0.017505959850048894 -0.004850591548802271
0.1257856103317056 -0.017505959850048894 -0.004850591548802271
0.12699161364019534 -0.017769207118161743 -0.0044400533215171204
0.12690489096907623 -0.01774976349958131 -0.004454653797438309
0.12577323286314793 -0.017508518414872325 -0.004595635840638494
0.12576015171030352 -0.017493107734319537 -0.0046473800795980335
0.12593140289776547 -0.017530709054806873 -0.004552384106507033
0.14346251761918613 0.14360943387894937 -0.00019376351640003906
0.1257697309125343 -0.017478131841001797 -0.0046580977410721845
0.12950789120788786 0.0029969740656964118 -0.0037868462493291957
0.12593140289776547 -0.017530709054806873 -0.004552384106507033
0.12576015171030352 -0.017493107734319537 -0.0046473800795980335
0.12576015171030352 -0.017493107734319537 -0.0046473800795980335
0.1258220847435307 -0.017239054660087388 -0.004877143074699115
0.1271549809484647 -0.017805040836959957 -0.004346384664418951
0.12720372620819217 -0.017797383909920632 -0.004304912298743597
0.12567315611218166 -0.016683565541079897 -0.010283535725879962
0.12576015171030352 -0.017493107734319537 -0.0046473800795980335
0.12716286482765735 -0.017806808438649086 -0.0043450573484261155
0.12576015171030352 -0.017493107734319537 -0.0046473800795980335
0.12593140289776547 -0.017530709054806873 -0.004552384106507033
0.12576015171030352 -0.017493107734319537 -0.0046473800795980335
0.1278660628520907 -0.013675522053513002 -0.0063461159362463845
0.12690489096907623 -0.01774976349958131 -0.004454653797438309
0.1271549809484647 -0.017805040836959957 -0.004346384664418951
0.1270761421565382 -0.017787364820068652 -0.004359657824347308
0.12561991618553084 -0.01693862274935312 -0.010055429423425728
0.1258220847435307 -0.017239054660087388 -0.004877143074699115
0.1269837297610027 -0.01776743951647262 -0.004441380637509953
0.12578146679721533 -0.017506062565160258 -0.004610394760002735
0.1467737114367871 0.16361480902551406 0.0009875272459073383
0.12576015171030352 -0.017493107734319537 -0.0046473800795980335
0.1258220847435307 -0.017239054660087388 -0.004877143074699115
0.12561122307895448 -0.016937618615312056 -0.010053772730778879
0.12690489096907623 -0.01774976349958131 -0.004454653797438309
0.12690489096907623 -0.01774976349958131 -0.004454653797438309
0.12576015171030352 -0.017493107734319537 -0.0046473800795980335
0.12690489096907623 -0.01774976349958131 -0.004454653797438309
0.12754160055673214 -0.019304517968905588 0.05349279920398506
0.12593140289776547 -0.017530709054806873 -0.004552384106507033
0.12576015171030352 -0.017493107734319537 -0.0046473800795980335
0.12726829832772163 -0.01781208936249223 -0.004333096086135652
0.12706284465146447 -0.01779691157366259 -0.004330383254323353
0.12700895817441918 -0.01777309584187784 -0.004437133226332881
0.12690489096907623 -0.01774976349958131 -0.004454653797438309
0.12690489096907623 -0.01774976349958131 -0.004454653797438309
0.12576015171030352 -0.017493107734319537 -0.0046473800795980335
0.12616425426080236 -0.017498203173476022 -0.0046621285056529975
0.12576015171030352 -0.017493107734319537 -0.0046473800795980335
0.1258884056778215 -0.01742949862060373 -0.004771559564125192
0.1470115603523085 0.16843910586292782 -0.001433130606849704
0.12690489096907623 -0.01774976349958131 -0.004454653797438309
0.1261642934923675 -0.017497917449069058 -0.004662176867185146
0.12576015171030352 -0.017493107734319537 -0.0046473800795980335
0.12648138981430232 -0.019066019905550718 0.05338046841899514
0.12593140289776547 -0.017530709054806873 -0.004552384106507033
0.12716286482765735 -0.017806808438649086 -0.0043450573484261155
0.12690489096907623 -0.01774976349958131 -0.004454653797438309
0.1261638619451506 -0.017501060417545625 -0.004661644890331512
0.12587189530195 -0.017251166209768274 -0.004859381085392809
0.12690489096907623 -0.01774976349958131 -0.004454653797438309
0.12690489096907623 -0.01774976349958131 -0.004454653797438309
0.12690489096907623 -0.01774976349958131 -0.004454653797438309
0.1258884056778215 -0.01742949862060373 -0.004771559564125192
0.12576015171030352 -0.017493107734319537 -0.0046473800795980335
0.12576015171030352 -0.017493107734319537 -0.0046473800795980335
0.12576015171030352 -0.017493107734319537 -0.0046473800795980335
0.125790018909618 -0.017189602253113723 -0.004639369617881527
0.12576015171030352 -0.017493107734319537 -0.0046473800795980335
0.1450354041025334 0.14269960348674288 0.00026184271670670123
0.12648138981430232 -0.019066019905550718 0.05338046841899514
0.12593140289776547 -0.017530709054806873 -0.004552384106507033
0.12724958749877643 -0.01782625205722952 -0.004330456872504924
0.12593140289776547 -0.017530709054806873 -0.004552384106507033
0.1270761421565382 -0.017787364820068652 -0.004359657824347308
0.12576015171030352 -0.017493107734319537 -0.0046473800795980335
0.12575256799910747 -0.017524745839333136 -0.0046103711667336835
0.12690489096907623 -0.01774976349958131 -0.004454653797438309
0.12690489096907623 -0.01774976349958131 -0.004454653797438309
0.12631611160044173 -0.01902942949940196 0.053306703333524066
0.1258698917682501 -0.017538496576571836 -0.004582021624577671
0.12578426064621157 -0.017276140874601786 -0.004717027116623248
0.1270625685529292 -0.017785115533363923 -0.004428107477581596
0.12716286482765735 -0.017806808438649086 -0.0043450573484261155
0.12578871995382493 -0.017515695860921613 -0.004580779147975403
0.1276283232278513 -0.01932396158748603 0.053507399679906247
0.12615816552188727 -0.01754254760143625 -0.004654622795863553
0.12615816552188727 -0.01754254760143625 -0.004654622795863553
0.12580996226872274 -0.017505219284000426 -0.0046296180902917275
0.1270783363113145 -0.017788650736742184 -0.0044254528455959265
0.12576015171030352 -0.017493107734319537 -0.0046473800795980335
0.12576245722971777 -0.017487730435907956 -0.004650743560656249
0.12699161364019534 -0.017769207118161743 -0.0044400533215171204
0.12690489096907623 -0.01774976349958131 -0.004454653797438309
0.14370244141124697 0.1472137429729505 -0.001811106681126251
0.12576015171030352 -0.017493107734319537 -0.0046473800795980335
0.12576015171030352 -0.017493107734319533 -0.0046473800795980335
0.12576015171030352 -0.017493107734319533 -0.0046473800795980335
