0.0004781371760273589 0.15375278313309906 -0.00011467972863560058
0.007422518468859337 0.1812761962940324 0.06739481195786463
-0.004719964798407774 0.028228470341559907 -0.001207632333213015
-0.002949153340449467 -0.00467171363933315 0.061516116428518945
0.002435284302305942 0.1822846919713563 0.003032455736595054
-0.005763211796123013 0.0056160545801325875 -0.0074465908755149655
-0.0029129365255809716 -0.004693348490139298 0.06149737331510793
-0.0058588721310598255 0.0048665015413975245 -0.0070988525862760495
-0.005785532540941603 0.0054411588710944064 -0.0073654519413592166
-0.005890758909372097 0.004616650528485837 -0.006982939823196411
-0.0048242515679977815 0.005304712552280574 -0.007588843997010262
-0.005852175907614249 0.004918970254108978 -0.007123194266522772
-0.005852175907614249 0.004918970254108978 -0.007123194266522772
-0.005736426902340707 0.0058259294309784045 -0.007543957596501859
0.0013092783556877996 0.15982346557189325 -0.0030550542735710636
-0.002949153340449467 -0.00467171363933315 0.061516116428518945
-0.002949760362872317 -0.004687725108601863 0.06154705761848154
-0.002949153340449467 -0.00467171363933315 0.061516116428518945
-0.002949153340449467 -0.00467171363933315 0.061516116428518945
-0.001002144467436257 -0.0048049311774003125 0.061786375948543214
-0.002949153340449467 -0.00467171363933315 0.061516116428518945
-0.002949153340449467 -0.00467171363933315 0.061516116428518945
-0.0011368079053391887 -0.004795717284277512 0.06176768364744644
-0.0058588721310598255 0.0048665015413975245 -0.0070988525862760495
-0.002949153340449467 -0.00467171363933315 0.061516116428518945
0.0027523118035090678 0.18234757784549285 0.003056655111131525
-0.005920364446885857 0.005177790932128277 -0.007208403813139072
-0.005749108028792585 0.005726565605074294 -0.007497859982261727
-0.0047913577423326255 0.02764818243668366 -0.0011198636350805962
-0.002949153340449467 -0.00467171363933315 0.061516116428518945
-0.002949153340449467 -0.00467171363933315 0.061516116428518945
0.0013641569747932462 0.1518060731065487 0.00033759494053841823
-0.0058486683619999 0.0049464538655292645 -0.007135944670461533
-0.002949153340449467 -0.00467171363933315 0.061516116428518945
-0.002949153340449467 -0.00467171363933315 0.061516116428518945
-0.0058135929058564005 0.005221289979732119 -0.007263448709849136
0.0034281283113751474 0.190857305104012 -0.0009097510014962186
-0.005815386921635979 0.005255781747051858 -0.007263464023590374
0.00033272508956242933 0.15139284719695675 0.0008159950749646664
-0.0029129365255809716 -0.004693348490139298 0.06149737331510793
-0.0006668396437453374 -0.004880411379305087 0.0619644972201921
-0.0057539646304124534 0.005688511373876975 -0.00748020557680806
-0.002949153340449467 -0.00467171363933315 0.061516116428518945
0.0005467277002406326 0.1514050328408371 0.0007790901743828568
-0.005852175907614249 0.004918970254108978 -0.007123194266522772
0.0034942836878766224 0.19026888020662744 -0.0006185591567611601
-0.0011255859521806107 -0.00479648510870441 0.0617692413392045
-0.0048226823999273655 0.005082728793995439 -0.007524010115267805
-0.002949153340449467 -0.00467171363933315 0.061516116428518945
-0.005890758909372097 0.004616650528485837 -0.006982939823196411
-0.002949153340449467 -0.00467171363933315 0.061516116428518945
-0.002949153340449467 -0.00467171363933315 0.061516116428518945
-0.002949153340449467 -0.00467171363933315 0.061516116428518945
-0.002949153340449467 -0.00467171363933315 0.061516116428518945
-0.002949153340449467 -0.00467171363933315 0.061516116428518945
-0.0058322998157996 0.005074710718823929 -0.007195446555509081
-0.002932912965567137 -0.0046858052373920395 0.06149856658441777
-0.005803070269013351 0.0053037408139929776 -0.007301699921665414
-0.0058322998157996 0.005074710718823929 -0.007195446555509081
-0.005861529362585848 0.004845680623654882 -0.007089193189352746
-0.0028348898974110757 -0.004717956889081712 0.06141062168593336
-0.002949153340449467 -0.00467171363933315 0.061516116428518945
-0.005890758909372097 0.004616650528485837 -0.006982939823196411
-0.0058588721310598255 0.0048665015413975245 -0.0070988525862760495
-0.0058588721310598255 0.0048665015413975245 -0.0070988525862760495
0.0013677699135787415 0.15950301107607012 -0.002946533214600397
-0.005826985352747553 0.005116352554309211 -0.007214765349355686
0.0031370066172181736 0.15912992424264102 -0.002580610924351335
-0.004795553467516735 0.00552957846390109 -0.007693165483781937
-0.002949153340449467 -0.00467171363933315 0.061516116428518945
-0.005890758909372097 0.004616650528485837 -0.006982939823196411
-0.0057950985744352835 0.0053662035672209 -0.007330678112435325
-0.002949153340449467 -0.00467171363933315 0.061516116428518945
-0.001903904747373229 0.003518402563911977 0.05771649605476839
-0.002949153340449467 -0.00467171363933315 0.061516116428518945
-0.0057950985744352835 0.0053662035672209 -0.007330678112435325
-0.002949153340449467 -0.00467171363933315 0.061516116428518945
-0.002949153340449467 -0.00467171363933315 0.061516116428518945
-0.002949153340449467 -0.00467171363933315 0.061516116428518945
-0.004605452713597165 0.008073735619798269 -0.008514554131925244
-0.0058588721310598255 0.0048665015413975245 -0.0070988525862760495
-0.002868654790690515 -0.004652016406520674 0.06157942199557173
-0.002949153340449467 -0.00467171363933315 0.061516116428518945
-0.0024781657224280363 -0.004819029020946224 0.061696222742681356
-0.002949153340449467 -0.00467171363933315 0.061516116428518945
0.00018202324960185922 0.1525839969231546 -0.00022156335831330462
0.0015884264194996555 0.16123198008541903 -0.003748649535111495
-0.002949153340449467 -0.00467171363933315 0.061516116428518945
-0.002949153340449467 -0.00467171363933315 0.061516116428518945
-0.002949153340449467 -0.00467171363933315 0.061516116428518945
-0.0029244901709662018 -0.004661128414300929 0.06151063715865026
-0.002949153340449467 -0.00467171363933315 0.061516116428518945
-0.002949153340449467 -0.00467171363933315 0.061516116428518945
-0.005704409434277931 0.004949560970804176 -0.00721772159288819
-0.005890758909372097 0.004616650528485837 -0.006982939823196411
-0.002949153340449467 -0.00467171363933315 0.061516116428518945
-0.005826985352747553 0.005116352554309211 -0.007214765349355686
-0.005856590890261315 0.0056774929579516565 -0.007440229339298347
-0.002949153340449467 -0.00467171363933315 0.061516116428518945
-0.005890758909372097 0.004616650528485837 -0.006982939823196411
-0.002949153340449467 -0.00467171363933315 0.061516116428518945
-0.002949153340449467 -0.00467171363933315 0.061516116428518945
-0.002949153340449467 -0.00467171363933315 0.061516116428518945
-0.002949153340449467 -0.00467171363933315 0.061516116428518945
-0.0029129365255809716 -0.004693348490139298 0.06149737331510793
-0.002949153340449467 -0.00467171363933315 0.061516116428518945
0.00033093107378285224 0.15142733896427651 0.0008159797612234286
-0.002949153340449467 -0.00467171363933315 0.061516116428518945
-0.002949153340449467 -0.00467171363933315 0.061516116428518945
-0.005688236881254372 0.004823256690476579 -0.008560927865476669
-0.002949153340449467 -0.00467171363933315 0.061516116428518945
-0.002949153340449467 -0.00467171363933315 0.061516116428518945
-0.005890758909372097 0.004616650528485837 -0.006982939823196411
-0.002949153340449467 -0.00467171363933315 0.061516116428518945
-0.002949153340449467 -0.00467171363933315 0.061516116428518945
-0.0029244901709662018 -0.004661128414300929 0.06151063715865026
-0.005883042309020528 0.004677114473610466 -0.0070109907118616815
-0.0049420595822931915 0.028839332162881464 -0.0021574220683585697
-0.005890758909372097 0.004616650528485837 -0.006982939823196411
-0.002949153340449467 -0.00467171363933315 0.061516116428518945
-0.005775009904098555 0.005523609705355265 -0.007403703153175499
-0.005722396719883306 0.0059358638766595475 -0.007594959212256902
-0.005722396719883306 0.0059358638766595475 -0.007594959212256902
-0.005890758909372097 0.004616650528485837 -0.006982939823196411
-0.002949153340449467 -0.00467171363933315 0.061516116428518945
-0.002949153340449467 -0.00467171363933315 0.061516116428518945
-0.002949153340449467 -0.00467171363933315 0.061516116428518945
-0.002949153340449467 -0.00467171363933315 0.061516116428518945
-0.002949153340449467 -0.00467171363933315 0.061516116428518945
-0.0029497939825757374 -0.004688611897669054 0.061548771284387155
-0.0047913577423326255 0.02764818243668366 -0.0011198636350805962
-0.0019756008322591857 0.003749739630510994 0.057644036912090836
-0.005826985352747553 0.005116352554309211 -0.007214765349355686
-0.002949153340449467 -0.00467171363933315 0.061516116428518945
-0.002949153340449467 -0.00467171363933315 0.061516116428518945
-0.002949153340449467 -0.00467171363933315 0.061516116428518945
0.00033272508956242933 0.15139284719695675 0.0008159950749646664
-0.002949153340449467 -0.00467171363933315 0.061516116428518945
-0.002949153340449467 -0.00467171363933315 0.061516116428518945
-0.002949153340449467 -0.00467171363933315 0.061516116428518945
0.0030545475146263068 0.18334461459344928 0.002050140670214843
-0.002949153340449467 -0.00467171363933315 0.061516116428518945
-0.002949153340449467 -0.00467171363933315 0.061516116428518945
-0.002949153340449467 -0.00467171363933315 0.061516116428518945
-0.002949153340449467 -0.00467171363933315 0.061516116428518945
0.0015840474353490202 0.15252016217671954 -0.0008260621949676011
-0.002949153340449467 -0.00467171363933315 0.061516116428518945
-0.005855683453228599 0.0048914866426886935 -0.007110443862584012
-0.005890758909372097 0.004616650528485837 -0.006982939823196411
0.0014060340475534673 0.15980283229156422 -0.0030856285302959634
-0.002949153340449467 -0.00467171363933315 0.061516116428518945
0.0012272718426780984 0.16077411312639966 -0.004021183732063854
-0.002949153340449467 -0.00467171363933315 0.061516116428518945
-0.0016853839954395395 -0.004162318482786458 0.060136328257365174
-0.004598859921884827 0.027606742125844463 -0.0010139007306624393
-0.002949153340449467 -0.00467171363933315 0.061516116428518945
-0.002949153340449467 -0.00467171363933315 0.061516116428518945
-0.002949153340449467 -0.00467171363933315 0.061516116428518945
0.0013517440790996942 0.15996547378449805 -0.003077951104303136
-0.002949153340449467 -0.00467171363933315 0.061516116428518945
-0.004822909301625286 0.0050824015348256675 -0.007523622064756073
-0.001883799651379763 -0.004209562483860779 0.060979702742588376
-0.0047913577423326255 0.02764818243668366 -0.0011198636350805962
-0.005852175907614249 0.004918970254108978 -0.007123194266522772
-0.005500534361080309 0.006173198443929461 -0.00873145570920249
-0.005852175907614249 0.004918970254108978 -0.007123194266522772
-0.0058925529251516754 0.004651142295805571 -0.006982955136937649
-0.001903904747373229 0.003518402563911977 0.05771649605476839
-0.002949153340449467 -0.00467171363933315 0.061516116428518945
-0.0016853839954395395 -0.004162318482786458 0.060136328257365174
-0.00572773417635496 0.006956898946822862 -0.007940923067857595
-0.002804481763824592 -0.004697933268214774 0.061444796169728214
-0.002949153340449467 -0.00467171363933315 0.061516116428518945
-0.005501971443999353 0.005930934116161438 -0.008560006334526969
-0.005890758909372097 0.004616650528485837 -0.006982939823196411
-0.002949153340449467 -0.00467171363933315 0.061516116428518945
-0.0027309033032193565 -0.004718697804465212 0.06163625497232414
-0.002949153340449467 -0.00467171363933315 0.061516116428518945
-0.005890758909372097 0.004616650528485837 -0.006982939823196411
-0.0011712476030346273 -0.004758991845897703 0.061763136866772636
-0.0058135929058564005 0.005221289979732119 -0.007263448709849136
-0.002949153340449467 -0.00467171363933315 0.061516116428518945
-0.0028004818108267695 -0.004679762690751928 0.061435679355584416
-0.002949153340449467 -0.00467171363933315 0.061516116428518945
-0.005890758909372097 0.004616650528485837 -0.006982939823196411
-0.002949153340449467 -0.00467171363933315 0.061516116428518945
-0.002868654790690515 -0.004652016406520674 0.06157942199557173
-0.002949153340449467 -0.00467171363933315 0.061516116428518945
-0.0029461525825143805 -0.004662548534240846 0.0615171465964113
-0.002949153340449467 -0.00467171363933315 0.061516116428518945
-0.0058135929058564005 0.005221289979732119 -0.007263448709849136
-0.002949153340449467 -0.00467171363933315 0.061516116428518945
-0.002949153340449467 -0.00467171363933315 0.061516116428518945
-0.002949153340449467 -0.00467171363933315 0.061516116428518945
-0.002868654790690515 -0.004652016406520674 0.06157942199557173
-0.002949153340449467 -0.00467171363933315 0.061516116428518945
-0.002949153340449467 -0.00467171363933315 0.061516116428518945
-0.002949153340449467 -0.00467171363933315 0.061516116428518945
-0.002949153340449467 -0.00467171363933315 0.061516116428518945
-0.005890758909372097 0.004616650528485837 -0.006982939823196411
-0.005999370201960468 0.006137603591727068 -0.008173503103739503
-0.004009041400190612 0.0044879003325388215 -0.0067217432370372445
-0.005890758909372097 0.004616650528485837 -0.006982939823196411
0.0005352471176801534 0.1515994533589475 -0.0007619929673155843
-0.002949153340449467 -0.00467171363933315 0.061516116428518945
-0.002949153340449467 -0.00467171363933315 0.061516116428518945
-0.004324421082718632 0.005410194507631585 -0.008967295120631094
0.0023944992158096553 0.18239012222387083 0.0029311288044489483
-0.0026937618958087542 -0.0045004007642317784 0.061693119292859554
-0.002949153340449467 -0.00467171363933315 0.061516116428518945
-0.002949153340449467 -0.00467171363933315 0.061516116428518945
0.0014788995093967209 0.16136548984827442 -0.005777677429486758
-0.002949153340449467 -0.00467171363933315 0.061516116428518945
-0.002949153340449467 -0.00467171363933315 0.061516116428518945
-0.002949779719671256 -0.004688235684125397 0.06154804427460902
-0.0011694535872550503 -0.004793483613217437 0.06176315218051387
-0.002949153340449467 -0.00467171363933315 0.061516116428518945
-0.0027449499669188002 -0.00471567388394183 0.06162852280538577
-0.002949153340449467 -0.00467171363933315 0.061516116428518945
-0.002949153340449467 -0.00467171363933315 0.061516116428518945
-0.002949153340449467 -0.00467171363933315 0.061516116428518945
-0.002949153340449467 -0.00467171363933315 0.061516116428518945
-0.005615815737632805 0.005598011488197339 -0.007522391437926299
-0.002949153340449467 -0.00467171363933315 0.061516116428518945
-0.0009348127484847918 -0.00480953812396171 0.0617957220990916
-0.002949153340449467 -0.00467171363933315 0.061516116428518945
-0.0012714713432421191 -0.004786503391154709 0.061748991346349646
-0.002949153340449467 -0.00467171363933315 0.061516116428518945
-0.0058588721310598255 0.0048665015413975245 -0.0070988525862760495
-0.002949153340449467 -0.00467171363933315 0.061516116428518945
-0.002949153340449467 -0.00467171363933315 0.061516116428518945
-0.002949153340449467 -0.00467171363933315 0.061516116428518945
-0.002949153340449467 -0.00467171363933315 0.061516116428518945
-0.002949153340449467 -0.00467171363933315 0.061516116428518945
-0.002949153340449467 -0.00467171363933315 0.061516116428518945
-0.005922265538257976 0.005213824028281907 -0.007222881768346094
-0.002949153340449467 -0.00467171363933315 0.061516116428518945
-0.002949153340449467 -0.00467171363933315 0.061516116428518945
-0.002871916162176684 -0.004690368488395016 0.06153937040191577
-0.006014479629222284 0.006019212650224302 -0.008118578286772538
0.005488159179846406 0.1826784969341953 0.0028233345434501966
-0.002949153340449467 -0.00467171363933315 0.061516116428518945
-0.002949153340449467 -0.00467171363933315 0.061516116428518945
-0.0011480298584977653 -0.004794949459850611 0.06176612595568837
-0.002949153340449467 -0.00467171363933315 0.061516116428518945
-0.002949153340449467 -0.00467171363933315 0.061516116428518945
-0.002866844827060876 -0.004784061678776192 0.06145990631529382
-0.0026321258392463416 -0.004608827765196559 0.061540315803055405
-0.0019177214552186506 -0.004258487729741271 0.06103771629409268
-0.006040155288456756 0.006243033844241622 -0.008274830035885609
-0.002949153340449467 -0.00467171363933315 0.061516116428518945
-0.002949153340449467 -0.00467171363933315 0.061516116428518945
0.0013943422288389667 0.15971122025349654 -0.00304312718383343
-0.002949153340449467 -0.00467171363933315 0.061516116428518945
-0.0047913577423326255 0.02764818243668366 -0.0011198636350805962
-0.002949153340449467 -0.00467171363933315 0.061516116428518945
0.0014411095036969649 0.16007766840576707 -0.0032131325696835673
-0.002949153340449467 -0.00467171363933315 0.061516116428518945
-0.005813521731099313 0.004597995679423969 -0.006959685849799578
0.00033272508956242933 0.15139284719695675 0.0008159950749646664
-0.005863777789261712 0.004828062924026496 -0.007081019853494565
-0.005890758909372097 0.004616650528485837 -0.006982939823196411
-0.005890758909372097 0.004616650528485837 -0.006982939823196411
-0.006014479629222284 0.006019212650224302 -0.008118578286772538
-0.005836796669151331 0.005039475319567152 -0.00717909988379272
0.0025524993444554964 0.16094908784792666 -0.003923430713974845
0.0027846985382440678 0.162777103577005 -0.006070141429814989
-0.004028365342316141 0.02812778277476672 -0.0035231292438138856
0.0006288791686056577 0.15453397628613474 -0.00019470428008762448
-0.002949153340449467 -0.00467171363933315 0.061516116428518945
-0.001170046007180456 -0.0048091099114771696 0.0617933490509417
0.002592357817345836 0.1612614016140662 -0.0040683216678243945
-0.005890758909372097 0.004616650528485837 -0.006982939823196411
-0.002949153340449467 -0.00467171363933315 0.061516116428518945
-0.002949153340449467 -0.00467171363933315 0.061516116428518945
-0.002949153340449467 -0.00467171363933315 0.061516116428518945
0.004542073424941689 0.19128625742260377 -0.0013540570732003573
-0.002949153340449467 -0.00467171363933315 0.061516116428518945
-0.005836796669151331 0.005039475319567152 -0.00717909988379272
0.0023944992158096553 0.18239012222387083 0.0029311288044489483
-0.0037638429939215764 0.03649246049760911 -0.005188103212104999
-0.0047913577423326255 0.02764818243668366 -0.0011198636350805962
0.00033272508956242933 0.15139284719695675 0.0008159950749646664
-0.003227729324729823 0.035781489478977656 -0.005591756728019063
-0.002949153340449467 -0.00467171363933315 0.061516116428518945
0.002435284302305942 0.1822846919713563 0.003032455736595054
-0.0029007549808781063 0.028160216796464802 -0.001111362135864541
-0.004260702802095252 0.028031613527811902 -0.0026217412070863727
-0.0028990334564788526 -0.004669525897797581 0.06160832402878721
-0.002901648591536639 -0.004653851814380548 0.06157184946336563
0.00033272508956242933 0.15139284719695675 0.0008159950749646664
-0.005826985352747553 0.005116352554309211 -0.007214765349355686
-0.0058588721310598255 0.0048665015413975245 -0.0070988525862760495
-0.002796693527715402 -0.004782683430183292 0.06151555612151375
-0.0027804878952332073 -0.004792526482649466 0.061489079517913034
-0.002949153340449467 -0.00467171363933315 0.061516116428518945
-0.002949153340449467 -0.00467171363933315 0.061516116428518945
-0.002949153340449467 -0.00467171363933315 0.061516116428518945
-0.005852175907614249 0.004918970254108978 -0.007123194266522772
-0.005763211796123013 0.0056160545801325875 -0.0074465908755149655
0.0025072714721988978 0.18289175151468542 0.002932838263819197
-0.005890758909372097 0.004616650528485837 -0.006982939823196411
-0.005766160558401899 0.006393375537968166 -0.007578901922555278
-0.002949153340449467 -0.00467171363933315 0.061516116428518945
-0.002949153340449467 -0.00467171363933315 0.061516116428518945
-0.002949153340449467 -0.00467171363933315 0.061516116428518945
-0.002949153340449467 -0.00467171363933315 0.061516116428518945
-0.002949153340449467 -0.00467171363933315 0.061516116428518945
-0.005863777789261712 0.004828062924026496 -0.007081019853494565
-0.002949153340449467 -0.00467171363933315 0.061516116428518945
-0.0029507470679245936 -0.004646461403512566 0.06152462738797346
0.0025532583644903126 0.18295268644333362 0.002944059597679097
-0.002949153340449467 -0.00467171363933315 0.061516116428518945
0.0024334902865263634 0.18231918373867606 0.0030324404228538153
-0.005863777789261712 0.004828062924026496 -0.007081019853494565
-0.004664613401812895 0.0054283247230136585 -0.007726526536706869
0.0024759924768030044 0.16272258642311113 -0.004519451711516273
-0.004672934830860684 0.028317172611330134 -0.0012082951358394168
-0.002949153340449467 -0.00467171363933315 0.061516116428518945
-0.002949153340449467 -0.00467171363933315 0.061516116428518945
-0.0029417665533529942 -0.004651808673511657 0.061520801987758174
-0.002949153340449467 -0.00467171363933315 0.061516116428518945
0.004277488704189099 0.14996479589533948 0.0656684358001946
-0.005890758909372097 0.004616650528485837 -0.006982939823196411
-0.002949153340449467 -0.00467171363933315 0.061516116428518945
-0.002949153340449467 -0.00467171363933315 0.061516116428518945
-0.005745346822907166 0.006976586464628148 -0.00791361462679668
-0.002949153340449467 -0.00467171363933315 0.061516116428518945
-0.002949153340449467 -0.00467171363933315 0.061516116428518945
-0.0006286292188773644 -0.004865564319089471 0.061936547304954834
-0.002949153340449467 -0.00467171363933315 0.061516116428518945
0.0023944992158096553 0.18239012222387083 0.0029311288044489483
-0.005890758909372097 0.004616650528485837 -0.006982939823196411
-0.002949153340449467 -0.00467171363933315 0.061516116428518945
-0.002949153340449467 -0.00467171363933315 0.061516116428518945
-0.002949153340449467 -0.00467171363933315 0.061516116428518945
-0.004817236476769081 0.0053596797751211435 -0.007614344804887783
-0.001088955037496097 -0.004773786380404964 0.06182645774756668
-0.002868654790690515 -0.004652016406520674 0.06157942199557173
-0.002949153340449467 -0.00467171363933315 0.061516116428518945
0.00034064523707750855 0.15140917465168335 0.0008045845205180436
-0.002949153340449467 -0.00467171363933315 0.061516116428518945
-0.002949153340449467 -0.00467171363933315 0.061516116428518945
-0.0055312165811803975 0.007841931750506782 -0.009727115922840418
-0.002949153340449467 -0.00467171363933315 0.061516116428518945
-0.002949153340449467 -0.00467171363933315 0.061516116428518945
-0.002949153340449467 -0.00467171363933315 0.061516116428518945
0.00033272508956242933 0.15139284719695675 0.0008159950749646664
-0.002934115317860284 -0.004702192904170711 0.0615266333849668
-0.002949153340449467 -0.00467171363933315 0.061516116428518945
-0.002949153340449467 -0.00467171363933315 0.061516116428518945
-0.002949153340449467 -0.00467171363933315 0.061516116428518945
0.002553774815587988 0.1609590818884431 -0.003928067224498031
-0.002949153340449467 -0.00467171363933315 0.061516116428518945
0.0013641569747932462 0.1518060731065487 0.00033759494053841823
-0.0058588721310598255 0.0048665015413975245 -0.0070988525862760495
-0.002949153340449467 -0.00467171363933315 0.061516116428518945
0.00033272508956242933 0.15139284719695675 0.0008159950749646664
-0.002949153340449467 -0.00467171363933315 0.061516116428518945
-0.0010245883737534127 -0.004803395528546513 0.06178326056502707
-0.002949153340449467 -0.00467171363933315 0.061516116428518945
-0.002949153340449467 -0.00467171363933315 0.061516116428518945
-0.001185148626637676 -0.004792409732900096 0.06176097359064246
0.0014200642300108656 0.15991276673724536 -0.0031366301460510047
0.00033272508956242933 0.15139284719695675 0.0008159950749646664
-0.005890758909372097 0.004616650528485837 -0.006982939823196411
-0.0028004818108267695 -0.004679762690751928 0.061435679355584416
-0.003744949954471621 0.005185690603101139 -0.008070325888520568
-0.002949153340449467 -0.00467171363933315 0.061516116428518945
-0.005546208660211212 0.005193247900870158 -0.008199665109280656
-0.0047913577423326255 0.02764818243668366 -0.0011198636350805962
-0.005855683453228599 0.0048914866426886935 -0.007110443862584012
-0.002949153340449467 -0.00467171363933315 0.061516116428518945
-0.002949153340449467 -0.00467171363933315 0.061516116428518945
-0.002949153340449467 -0.00467171363933315 0.061516116428518945
-0.005890758909372097 0.004616650528485837 -0.006982939823196411
-0.0058588721310598255 0.0048665015413975245 -0.0070988525862760495
-0.0058588721310598255 0.0048665015413975245 -0.0070988525862760495
-0.0058588721310598255 0.0048665015413975245 -0.0070988525862760495
-0.0019177214552186506 -0.004258487729741271 0.06103771629409268
0.001681184475996372 0.15186895898068528 0.00036179431507489
-0.0019177214552186506 -0.004258487729741271 0.06103771629409268
-0.002949779719671256 -0.004688235684125397 0.06154804427460902
-0.00584516081638555 0.0049739374769495505 -0.007148695074400293
-0.005808682341996312 0.0052597670357205206 -0.007281299275363399
-0.002949153340449467 -0.00467171363933315 0.061516116428518945
-0.0016437159832386344 -0.004319672625033445 0.06118212852566933
-0.002949153340449467 -0.00467171363933315 0.061516116428518945
-0.005890758909372097 0.004616650528485837 -0.006982939823196411
-0.0028004818108267695 -0.004679762690751928 0.061435679355584416
-0.002949153340449467 -0.00467171363933315 0.061516116428518945
-0.002949153340449467 -0.00467171363933315 0.061516116428518945
-0.002949153340449467 -0.00467171363933315 0.061516116428518945
-0.004598859921884827 0.027606742125844463 -0.0010139007306624393
-0.0057367658052553975 0.006641875647284707 -0.007885642725334277
-0.002949153340449467 -0.00467171363933315 0.061516116428518945
-0.002949153340449467 -0.00467171363933315 0.061516116428518945
-0.0047913577423326255 0.02764818243668366 -0.0011198636350805962
-0.002949153340449467 -0.00467171363933315 0.061516116428518945
-0.002949153340449467 -0.00467171363933315 0.061516116428518945
-0.002949153340449467 -0.00467171363933315 0.061516116428518945
-0.0047913577423326255 0.02764818243668366 -0.0011198636350805962
-0.002949153340449467 -0.00467171363933315 0.061516116428518945
0.0014812952217314016 0.16161309599930077 -0.0037612952551210298
-0.005855683453228599 0.0048914866426886935 -0.007110443862584012
-0.0049420595822931915 0.028839332162881464 -0.0021574220683585697
-0.0049420595822931915 0.028839332162881464 -0.0021574220683585697
0.00033272508956242933 0.15139284719695675 0.0008159950749646664
-0.005919018646935015 0.00522474262710007 -0.007230303117784739
-0.0047913577423326255 0.02764818243668366 -0.0011198636350805962
-0.002949153340449467 -0.00467171363933315 0.061516116428518945
-0.0019177214552186506 -0.004258487729741271 0.06103771629409268
-0.005890758909372097 0.004616650528485837 -0.006982939823196411
-0.005771677357855297 0.0049386674869214536 -0.007059888699469984
-0.002949153340449467 -0.00467171363933315 0.061516116428518945
-0.005922164722806425 0.0052119131822737615 -0.007222113997994205
-0.0058135929058564005 0.005221289979732119 -0.007263448709849136
-0.0057420873797494 0.004608601477067059 -0.007063376896130932
-0.0029569122346259397 -0.004679566008958289 0.061504164543891425
-0.002949153340449467 -0.00467171363933315 0.061516116428518945
-0.002949153340449467 -0.00467171363933315 0.061516116428518945
-0.005890758909372097 0.004616650528485837 -0.006982939823196411
-0.005950264563359571 0.006522374151611068 -0.008352008758882153
0.00033272508956242933 0.15139284719695675 0.0008159950749646664
-0.005799562723399003 0.0053312244254132635 -0.007314450325604177
-0.002949153340449467 -0.00467171363933315 0.061516116428518945
-0.002949153340449467 -0.00467171363933315 0.061516116428518945
0.00040411803348727754 0.15197313510183305 0.0007282263768322491
-0.0058588721310598255 0.0048665015413975245 -0.0070988525862760495
-0.0049420595822931915 0.028839332162881464 -0.0021574220683585697
-0.003788199696628583 0.03550849530288534 -0.004766479161566026
0.0014022867902160662 0.16099159156470666 -0.003654677127221175
-0.0057539646304124534 0.005688511373876975 -0.00748020557680806
-0.0031816450269339324 0.004915086686256156 -0.00722846503979195
-0.005511943983022321 0.007584880561876687 -0.008359983448582515
-0.005890758909372097 0.004616650528485837 -0.006982939823196411
-0.0058135929058564005 0.005221289979732119 -0.007263448709849136
-0.004782161020625583 0.0056345158893239995 -0.007741848844275385
-0.002949153340449467 -0.00467171363933315 0.061516116428518945
-0.002949153340449467 -0.00467171363933315 0.061516116428518945
-0.002949153340449467 -0.00467171363933315 0.061516116428518945
-0.0047913577423326255 0.02764818243668366 -0.0011198636350805962
-0.002949153340449467 -0.00467171363933315 0.061516116428518945
-0.005852175907614249 0.004918970254108978 -0.007123194266522772
-0.002949153340449467 -0.00467171363933315 0.061516116428518945
-0.002949153340449467 -0.00467171363933315 0.061516116428518945
-0.005890758909372097 0.004616650528485837 -0.006982939823196411
-0.005890758909372097 0.004616650528485837 -0.006982939823196411
0.0014027594735784052 0.1619664936425042 -0.004574930371299217
0.002435284302305942 0.1822846919713563 0.003032455736595054
-0.005698261088924298 0.004575210217646642 -0.0068769769187782505
0.002435284302305942 0.1822846919713563 0.003032455736595054
-0.002949153340449467 -0.00467171363933315 0.061516116428518945
-0.005924542562187672 0.00672392063535983 -0.008445511721099723
-0.0047913577423326255 0.02764818243668366 -0.0011198636350805962
-0.0027424918007713977 -0.004716203070033423 0.06162987593459999
-0.002949153340449467 -0.00467171363933315 0.061516116428518945
-0.002949153340449467 -0.00467171363933315 0.061516116428518945
0.00033272508956242933 0.15139284719695675 0.0008159950749646664
0.0013692783563505205 0.16170415007894695 -0.004453221970065596
0.002435284302305942 0.1822846919713563 0.003032455736595054
-0.002949153340449467 -0.00467171363933315 0.061516116428518945
-0.005890758909372097 0.004616650528485837 -0.006982939823196411
-0.005855683453228599 0.0048914866426886935 -0.007110443862584012
-0.005855683453228599 0.0048914866426886935 -0.007110443862584012
-0.002949153340449467 -0.00467171363933315 0.061516116428518945
-0.0058486683619999 0.0049464538655292645 -0.007135944670461533
-0.002949153340449467 -0.00467171363933315 0.061516116428518945
0.00033272508956242933 0.15139284719695675 0.0008159950749646664
-0.002949153340449467 -0.00467171363933315 0.061516116428518945
-0.005964294745816972 0.0064124397059299254 -0.008301007143127108
-0.005852175907614249 0.004918970254108978 -0.007123194266522772
-0.005852175907614249 0.004918970254108978 -0.007123194266522772
-0.005852175907614249 0.004918970254108978 -0.007123194266522772
0.002435284302305942 0.1822846919713563 0.003032455736595054
-0.002949153340449467 -0.00467171363933315 0.061516116428518945
-0.002949153340449467 -0.00467171363933315 0.061516116428518945
-0.005890758909372097 0.004616650528485837 -0.006982939823196411
-0.0027914176124177307 -0.004670671255582542 0.06160267596896858
0.002433690574830817 0.18230994420717686 0.0030409666960495587
0.0024346477011229495 0.18231252794329278 0.003032558279206253
0.00039988012290382414 0.15197689519302854 0.0007399880288101783
0.002435284302305942 0.1822846919713563 0.003032455736595054
0.002502239047342885 0.18287797949892726 0.0029479224172448202
-0.0049420595822931915 0.028839332162881464 -0.0021574220683585697
-0.002949153340449467 -0.00467171363933315 0.061516116428518945
-0.002949153340449467 -0.00467171363933315 0.061516116428518945
-0.002949153340449467 -0.00467171363933315 0.061516116428518945
-0.002949153340449467 -0.00467171363933315 0.061516116428518945
-0.002949153340449467 -0.00467171363933315 0.061516116428518945
-0.002949153340449467 -0.00467171363933315 0.061516116428518945
-0.0047913577423326255 0.02764818243668366 -0.0011198636350805962
-0.005852175907614249 0.004918970254108978 -0.007123194266522772
0.00033272508956242933 0.15139284719695675 0.0008159950749646664
-0.005723703836012326 0.005940957620266503 -0.007597757864522116
-0.00566527022038769 0.007176599035421783 -0.00813570591777618
-0.00191232640272431 0.0031632115790522545 0.05784329293196559
-0.005964294745816972 0.0064124397059299254 -0.008301007143127108
-0.006002877747574818 0.006110119980306783 -0.008160752699800745
-0.006002877747574818 0.006110119980306783 -0.008160752699800745
-0.005574689960719269 0.0061379658454837 -0.00922327257092822
-0.005964294745816972 0.0064124397059299254 -0.008301007143127108
-0.005808950513586604 0.005281106662736767 -0.00729805970929978
-0.002949153340449467 -0.00467171363933315 0.061516116428518945
0.002580696388770874 0.18464462790749855 0.0021017809329947836
-0.004768637625847447 0.005726131828677164 -0.007779069888199309
-0.0027412041899322814 -0.004716480262748066 0.06163058471656933
-0.0019177214552186506 -0.004258487729741271 0.06103771629409268
-0.005782039842332709 0.004910051871190075 -0.007063829085298004
-0.005826985352747553 0.005116352554309211 -0.007214765349355686
-0.005977687192708124 0.006307502280507016 -0.00825232378263366
-0.0035094503962380865 0.0051200840673082506 -0.007818507961073322
-0.005662768444439359 0.0064030852708044025 -0.007811716079215825
0.00033272508956242933 0.15139284719695675 0.0008159950749646664
-0.0057539646304124534 0.005688511373876975 -0.00748020557680806
0.00033272508956242933 0.15139284719695675 0.0008159950749646664
-0.002949153340449467 -0.00467171363933315 0.061516116428518945
-0.002949153340449467 -0.00467171363933315 0.061516116428518945
-0.002949153340449467 -0.00467171363933315 0.061516116428518945
-0.002949153340449467 -0.00467171363933315 0.061516116428518945
-0.0028004818108267695 -0.004679762690751928 0.061435679355584416
-0.002949153340449467 -0.00467171363933315 0.061516116428518945
-0.0047913577423326255 0.02764818243668366 -0.0011198636350805962
-0.006002877747574818 0.006110119980306783 -0.008160752699800745
-0.0058135929058564005 0.005221289979732119 -0.007263448709849136
-0.0047913577423326255 0.02764818243668366 -0.0011198636350805962
-0.005995862656346119 0.006165087203147354 -0.008186253507678267
-0.005950264563359571 0.006522374151611068 -0.008352008758882153
-0.005995862656346119 0.006165087203147354 -0.008186253507678267
0.001300930300579444 0.16135126896622576 -0.004288942214777821
-0.006002877747574818 0.006110119980306783 -0.008160752699800745
-0.005852175907614249 0.004918970254108978 -0.007123194266522772
-0.005890758909372097 0.004616650528485837 -0.006982939823196411
-0.002803741253984537 -0.002311777703190837 0.06058544162491868
0.002435284302305942 0.1822846919713563 0.003032455736595054
-0.0048634231390052235 0.005790897652049508 -0.007779534158029034
-0.00190148108033632 -0.0042725793278001615 0.061020166449991524
-0.0058588721310598255 0.0048665015413975245 -0.0070988525862760495
-0.006002877747574818 0.006110119980306783 -0.008160752699800745
-0.006002877747574818 0.006110119980306783 -0.008160752699800745
-0.005964294745816972 0.0064124397059299254 -0.008301007143127108
0.0013641569747932462 0.1518060731065487 0.00033759494053841823
-0.005890758909372097 0.004616650528485837 -0.006982939823196411
-0.005890758909372097 0.004616650528485837 -0.006982939823196411
-0.005855683453228599 0.0048914866426886935 -0.007110443862584012
-0.002949153340449467 -0.00467171363933315 0.061516116428518945
-0.005995862656346119 0.006165087203147354 -0.008186253507678267
-0.0060414607493326665 0.005807800254683641 -0.008020498256474383
0.0014587698532251842 0.16258803148013856 -0.004862710392022035
-0.005995862656346119 0.006165087203147354 -0.008186253507678267
-0.002949153340449467 -0.00467171363933315 0.061516116428518945
-0.002949153340449467 -0.00467171363933315 0.061516116428518945
-0.002949153340449467 -0.00467171363933315 0.061516116428518945
-0.002949153340449467 -0.00467171363933315 0.061516116428518945
0.00033272508956242933 0.15139284719695675 0.0008159950749646664
-0.005863777789261712 0.004828062924026496 -0.007081019853494565
-0.002949153340449467 -0.00467171363933315 0.061516116428518945
-0.002949153340449467 -0.00467171363933315 0.061516116428518945
0.00018202324960185922 0.1525839969231546 -0.00022156335831330462
-0.004968445104408915 0.00653251099499097 -0.00863812266633464
-0.005852175907614249 0.004918970254108978 -0.007123194266522772
-0.0025555512632633344 -0.004860952523116662 0.06160333200935584
-0.005891317370001119 0.00460191997675862 -0.006954473928430823
-0.00411105915617768 0.0044948805546015476 -0.0067359040712014736
-0.005890758909372097 0.004616650528485837 -0.006982939823196411
0.0003031195520486703 0.15195398760059925 0.0005905310850220061
-0.002949153340449467 -0.00467171363933315 0.061516116428518945
-0.0047913577423326255 0.02764818243668366 -0.0011198636350805962
-0.0058135929058564005 0.005221289979732119 -0.007263448709849136
-0.005863777789261712 0.004828062924026496 -0.007081019853494565
0.002435284302305942 0.1822846919713563 0.003032455736595054
0.00018202324960185922 0.1525839969231546 -0.00022156335831330462
-0.002949153340449467 -0.00467171363933315 0.061516116428518945
-0.005731325017810742 0.0058659055930442745 -0.007562503638594601
0.002435284302305942 0.1822846919713563 0.003032455736595054
-0.005799562723399003 0.0053312244254132635 -0.007314450325604177
-0.002949153340449467 -0.00467171363933315 0.061516116428518945
-0.002871916162176684 -0.004690368488395016 0.06153937040191577
0.001416679305852987 0.16225822814309523 -0.004709705544756911
-0.005655769931233481 0.0045660628580634095 -0.006853587113789629
0.00033272508956242933 0.15139284719695675 0.0008159950749646664
-0.002949153340449467 -0.00467171363933315 0.061516116428518945
-0.002949153340449467 -0.00467171363933315 0.061516116428518945
-0.002949153340449467 -0.00467171363933315 0.061516116428518945
-0.002949153340449467 -0.00467171363933315 0.061516116428518945
-0.002949153340449467 -0.00467171363933315 0.061516116428518945
-0.002949153340449467 -0.00467171363933315 0.061516116428518945
-6.763463452094067e-05 0.0030467085572892204 0.05814276440259975
-0.002949153340449467 -0.00467171363933315 0.061516116428518945
-0.0019459952947454263 0.00318859922686855 0.05786950090203348
-0.002949153340449467 -0.00467171363933315 0.061516116428518945
-0.002949153340449467 -0.00467171363933315 0.061516116428518945
-0.002949153340449467 -0.00467171363933315 0.061516116428518945
-0.002949153340449467 -0.00467171363933315 0.061516116428518945
-0.002949153340449467 -0.00467171363933315 0.061516116428518945
-0.002949153340449467 -0.00467171363933315 0.061516116428518945
0.00041322363932138213 0.15141254442976929 0.0008793006420174547
-0.0019074122929875787 0.003490918952491693 0.057729246458707154
-0.002949153340449467 -0.00467171363933315 0.061516116428518945
-0.002949153340449467 -0.00467171363933315 0.061516116428518945
-0.002949153340449467 -0.00467171363933315 0.061516116428518945
-0.002949153340449467 -0.00467171363933315 0.061516116428518945
-0.002949153340449467 -0.00467171363933315 0.061516116428518945
-0.002949153340449467 -0.00467171363933315 0.061516116428518945
-0.002949153340449467 -0.00467171363933315 0.061516116428518945
-0.002949153340449467 -0.00467171363933315 0.061516116428518945
-0.002949153340449467 -0.00467171363933315 0.061516116428518945
-0.002949153340449467 -0.00467171363933315 0.061516116428518945
-0.002949153340449467 -0.00467171363933315 0.061516116428518945
-0.002949153340449467 -0.00467171363933315 0.061516116428518945
-0.002949153340449467 -0.00467171363933315 0.061516116428518945
-0.0058486683619999 0.0049464538655292645 -0.007135944670461533
-0.005890758909372097 0.004616650528485837 -0.006982939823196411
0.00039598125070158536 0.15253793673373803 -0.00010378742107260894
-0.002949153340449467 -0.00467171363933315 0.061516116428518945
-0.004119560635843268 0.00449546223977344 -0.006737084140715158
0.00033272508956242933 0.15139284719695675 0.0008159950749646664
-0.004887600863668055 0.012476963394687537 -0.010629555349681841
-0.006002877747574818 0.006110119980306783 -0.008160752699800745
-0.005852175907614249 0.004918970254108978 -0.007123194266522772
-0.005775009904098555 0.005523609705355265 -0.007403703153175499
-0.002949153340449467 -0.00467171363933315 0.061516116428518945
-0.002949153340449467 -0.00467171363933315 0.061516116428518945
-0.002949153340449467 -0.00467171363933315 0.061516116428518945
0.0013744661370243192 0.15955547978878162 -0.0029708748948471236
0.001413049138782166 0.1598577995144048 -0.003111129338173485
0.0014200642300108656 0.15991276673724536 -0.0031366301460510047
0.00033272508956242933 0.15139284719695675 0.0008159950749646664
0.0013381643760649823 0.16006415147971262 -0.003171997204543061
-0.005890758909372097 0.004616650528485837 -0.006982939823196411
-0.002949153340449467 -0.00467171363933315 0.061516116428518945
-0.002949153340449467 -0.00467171363933315 0.061516116428518945
-0.002949153340449467 -0.00467171363933315 0.061516116428518945
-0.002871916162176684 -0.004690368488395016 0.06153937040191577
-0.002949153340449467 -0.00467171363933315 0.061516116428518945
0.00033272508956242933 0.15139284719695675 0.0008159950749646664
0.0014200642300108656 0.15991276673724536 -0.0031366301460510047
0.00033272508956242933 0.15139284719695675 0.0008159950749646664
0.001413049138782166 0.1598577995144048 -0.003111129338173485
0.00033272508956242933 0.15139284719695675 0.0008159950749646664
0.00033272508956242933 0.15139284719695675 0.0008159950749646664
-0.0058588721310598255 0.0048665015413975245 -0.0070988525862760495
-0.005826985352747553 0.005116352554309211 -0.007214765349355686
0.0007178598061745282 0.15385200925376508 -0.0010447196419278789
-0.0029335209962142806 -0.004686516444105157 0.061496339579901894
-0.002949153340449467 -0.00467171363933315 0.061516116428518945
-0.0008674810295333264 -0.004814145070523115 0.06180506824964
0.0005773373826441241 0.15166015993493973 -0.0008339763372423623
-0.005861529362585848 0.004845680623654882 -0.007089193189352746
-0.002949153340449467 -0.00467171363933315 0.061516116428518945
-0.002949153340449467 -0.00467171363933315 0.061516116428518945
-0.005861529362585848 0.004845680623654882 -0.007089193189352746
0.0013943422288389667 0.15971122025349654 -0.00304312718383343
-0.005855091707856908 0.004668093152595323 -0.007043938378637162
0.001516681779737534 0.1607075600928339 -0.003485130496881784
-0.0057539646304124534 0.005688511373876975 -0.00748020557680806
-0.005890758909372097 0.004616650528485837 -0.006982939823196411
-0.005799562723399003 0.0053312244254132635 -0.007314450325604177
-0.0057539646304124534 0.005688511373876975 -0.00748020557680806
0.0022845824623453723 0.1834758416975541 0.0019948973033170805
-0.0058588721310598255 0.0048665015413975245 -0.0070988525862760495
-0.00601223120254642 0.006036830349852688 -0.008126751622630718
-0.002949153340449467 -0.00467171363933315 0.061516116428518945
-0.005863123090060974 0.004870932859475466 -0.007080682229898239
-0.005890758909372097 0.004616650528485837 -0.006982939823196411
-0.005826985352747553 0.005116352554309211 -0.007214765349355686
-0.005740535821472997 0.007550214267609924 -0.008171531915005506
-0.005591014815875776 0.008185865367120716 -0.008474632400102133
-0.0026989437683796556 -0.0045681467579971975 0.06054539085050469
-0.002949153340449467 -0.00467171363933315 0.061516116428518945
-0.002949153340449467 -0.00467171363933315 0.061516116428518945
-0.002949153340449467 -0.00467171363933315 0.061516116428518945
-0.002949153340449467 -0.00467171363933315 0.061516116428518945
-0.002949153340449467 -0.00467171363933315 0.061516116428518945
-0.006002877747574818 0.006110119980306783 -0.008160752699800745
-0.0029497457603748726 -0.004687339937592882 0.061546313298946775
-0.002949153340449467 -0.00467171363933315 0.061516116428518945
0.00029024757921660056 0.15219796168913943 0.0004925032633078049
-0.0026321258392463416 -0.004608827765196559 0.061540315803055405
-0.0026321258392463416 -0.004608827765196559 0.061540315803055405
-0.004135839733891965 0.00448320592760241 -0.006726810931968871
-0.0047913577423326255 0.02764818243668366 -0.0011198636350805962
-0.005852175907614249 0.004918970254108978 -0.007123194266522772
-0.002949153340449467 -0.00467171363933315 0.061516116428518945
-0.004213076912164749 0.0045018607766642744 -0.006750064905365703
0.00033272508956242933 0.15139284719695675 0.0008159950749646664
0.0002944062165931153 0.15211913929130336 0.0005241737903231621
0.0015909773617646368 0.16125196816645196 -0.003757922556157867
-0.002949153340449467 -0.00467171363933315 0.061516116428518945
-0.0058588721310598255 0.0048665015413975245 -0.0070988525862760495
-0.00601223120254642 0.006036830349852688 -0.008126751622630718
-0.002949153340449467 -0.00467171363933315 0.061516116428518945
-0.002949153340449467 -0.00467171363933315 0.061516116428518945
-0.002949153340449467 -0.00467171363933315 0.061516116428518945
0.0004014738503789498 0.151951642957208 0.0007314770693556719
0.0035838544344749127 0.19250494077370028 -0.001544834593490645
-0.006015951326682848 0.0060076810650129915 -0.008113228466938094
-0.005650824282062884 0.00487721669281506 -0.008624911424853839
-0.0058135929058564005 0.005221289979732119 -0.007263448709849136
-0.005964294745816972 0.0064124397059299254 -0.008301007143127108
0.0013641569747932462 0.1518060731065487 0.00033759494053841823
-0.002949153340449467 -0.00467171363933315 0.061516116428518945
-0.005890758909372097 0.004616650528485837 -0.006982939823196411
