-0.011557065970986952 -0.003862186535521663 0.07050762047580178
-0.011839788418246509 -0.006092894388345998 0.06877554792444752
-0.011722520490546581 -0.0041718204787296416 0.0697988268049573
-0.011717245654783567 -0.004085408536772474 0.06984485497429838
-0.011839788418246509 -0.006092894388345998 0.06877554792444752
-0.011840156596383607 -0.0061011046873495935 0.06894032705558437
-0.011839788418246509 -0.006092894388345998 0.06877554792444752
-0.011558090417152098 -0.003873144240007376 0.0705010694834971
-0.011839788418246509 -0.006092894388345998 0.06877554792444752
-0.011557065970986952 -0.003862186535521663 0.07050762047580178
-0.011557065970986952 -0.003862186535521663 0.07050762047580178
-0.011557065970986952 -0.003862186535521663 0.07050762047580178
-0.011861395497078342 -0.0060011956765101526 0.06884151322722346
-0.011892866700680151 -0.005596092251964888 0.06849141692444592
-0.011773220529874345 -0.005985091472576928 0.06889735783720427
-0.011839788418246509 -0.006092894388345998 0.06877554792444752
-0.011861395497078342 -0.0060011956765101526 0.06884151322722346
-0.011839788418246509 -0.006092894388345998 0.06877554792444752
-0.01155978469350213 -0.0038912665974260643 0.07049023515007018
-0.011839788418246509 -0.006092894388345998 0.06877554792444752
-0.007663737347654113 0.08935416998435887 -0.001960241908735774
-0.011839788418246509 -0.006092894388345998 0.06877554792444752
-0.011839788418246509 -0.006092894388345998 0.06877554792444752
-0.011818423361346158 -0.00602532787901954 0.06876653380112199
-0.012973640619134627 -0.0010592438402172732 0.07476696627423013
-0.011558090417152098 -0.003873144240007376 0.0705010694834971
-0.007521647996698767 0.08934579279013527 -0.0019621629987112785
-0.011715557707339397 -0.004057756715346176 0.06985958398848756
-0.011839788418246509 -0.006092894388345998 0.06877554792444752
-0.011826514827360413 -0.006058607763319939 0.06884405354185265
-0.01155906829758246 -0.0038836038670164714 0.07049481626356995
-0.01187006391199075 -0.006093344295168064 0.06880803573949629
-0.012086057080033524 -0.0033513051790448607 0.00043256525174371153
-0.011808567359924492 -0.006036201791485923 0.06899986192116399
-0.011861395497078342 -0.0060011956765101526 0.06884151322722346
-0.011839788418246509 -0.006092894388345998 0.06877554792444752
-0.011558090417152098 -0.003873144240007376 0.0705010694834971
-0.011720688179176273 -0.004141803698891888 0.06981481553746526
-0.011861395497078342 -0.0060011956765101526 0.06884151322722346
-0.01184678289670056 -0.0060841678191200475 0.06880092740377661
-0.011839788418246509 -0.006092894388345998 0.06877554792444752
-0.011808422333549942 -0.006036001129501538 0.06900000907236666
-0.011793313450049235 -0.003676447439731984 0.0694225568419388
-0.011839788418246509 -0.006092894388345998 0.06877554792444752
-0.012086425258170623 -0.0033595154780484545 0.0005973443828805452
-0.007736822508998778 0.0893562349545525 -0.0018662787996504128
-0.007728786468467866 0.08922948128995888 -0.0020022848597173485
-0.007610123477940154 0.08937021644504738 -0.0020394843819080298
-0.012120805946355735 -0.005849594605208282 0.06864859823291324
-0.008778414887533614 0.08772537963494552 0.070634968783247
-0.012262033516123951 -0.0034345198494012646 0.0004734361289647117
-0.011839788418246509 -0.006092894388345998 0.06877554792444752
-0.011933411973317522 -0.006108136172984622 0.06921603381612121
-0.012080974676598221 -0.0032865843225395926 0.00041999833964697454
-0.007802049403967266 0.08970893310782475 -0.0023643882394098407
-0.007610123477940154 0.08937021644504738 -0.0020394843819080298
-0.008478342249327645 0.09493786362970126 0.004076036045814713
-0.007670703031638861 0.08936440390029923 -0.001729831921849164
-0.008346378275265864 0.08973499501869261 -0.0008096201198411698
-0.007379978239947577 0.08990298440606434 -0.001626385654632906
-0.007738463256901045 0.08923879307511694 -0.002016482792116754
-0.008992676262506051 0.090424345274951 0.0022126141671009896
-0.011862369985691299 -0.006102943521316614 0.06878011831223425
-0.012075656872050774 -0.003302230036504647 0.00041915861107745463
-0.011839788418246509 -0.006092894388345998 0.06877554792444752
-0.011677524973531885 -0.003942385088579979 0.07006622793040879
-0.007728786468467866 0.08922948128995888 -0.0020022848597173485
-0.011717106843316121 -0.004083134538299911 0.06984606624191263
-0.007718754438622203 0.08927034613349548 -0.001850912369246773
-0.011839788418246509 -0.006092894388345998 0.06877554792444752
-0.011839788418246509 -0.006092894388345998 0.06877554792444752
-0.011878437784122635 -0.00489898355295975 0.06986681302247046
-0.011839788418246509 -0.006092894388345998 0.06877554792444752
-0.011839788418246509 -0.006092894388345998 0.06877554792444752
-0.011839788418246509 -0.006092894388345998 0.06877554792444752
-0.011839788418246509 -0.006092894388345998 0.06877554792444752
-0.011717106843316121 -0.004083134538299911 0.06984606624191263
-0.011839788418246509 -0.006092894388345998 0.06877554792444752
-0.011717106843316121 -0.004083134538299911 0.06984606624191263
-0.011626940726707603 -0.0008701233975819998 0.0012592683645145921
-0.011717939712120805 -0.004096778529135257 0.06983879863622719
-0.007751368035912654 0.08921943215698828 -0.001997714471930602
-0.007609686229397628 0.09118057197941298 -0.0009630172466996099
-0.007794952437153347 0.08969247700614623 -0.0023539620146954226
-0.011839788418246509 -0.006092894388345998 0.06877554792444752
-0.008201580675188645 0.09017971785158621 -0.0020794614615356646
-0.007870178455380225 0.08941365094134923 -0.0018872334849469505
-0.012009986670937627 -0.004983433414040684 0.07099555203633662
-0.01133679384573966 -0.0023092704260328574 0.07096989196570525
-0.012521766167928354 -0.001055083509548979 0.0012949163006060168
-0.011839788418246509 -0.006092894388345998 0.06877554792444752
-0.011839788418246509 -0.006092894388345998 0.06877554792444752
-0.011933536150442675 -0.005960376180323523 0.06911050687647437
-0.011839788418246509 -0.006092894388345998 0.06877554792444752
-0.011638365070200163 -0.0002454017918542166 0.0014426763086613143
-0.011966165571543407 -0.0013342248980704153 0.0014915673058605214
-0.011751826316221669 -0.006124185184496471 0.0691129131704171
-0.011839788418246509 -0.006092894388345998 0.06877554792444752
-0.007728786468467866 0.08922948128995888 -0.0020022848597173485
-0.007728786468467866 0.08922948128995888 -0.0020022848597173485
-0.011839788418246509 -0.006092894388345998 0.06877554792444752
-0.011839788418246509 -0.006092894388345998 0.06877554792444752
-0.008612467449953993 0.09483814333499455 0.0041477006054189
-0.011860247854718323 -0.003927617267663782 0.06994585564474363
-0.011825137960688636 0.0006605683192102997 0.002128759203256032
-0.011839788418246509 -0.006092894388345998 0.06877554792444752
-0.012085109373678935 -0.003332527868135785 0.0004321454134537888
-0.012345882125146174 -0.004076111364237717 0.07118865288115286
-0.011839788418246509 -0.006092894388345998 0.06877554792444752
-0.011839788418246509 -0.006092894388345998 0.06877554792444752
-0.011839788418246509 -0.006092894388345998 0.06877554792444752
-0.0118522735222492 -0.0060829391351245885 0.06880494142390053
-0.007728786468467866 0.08922948128995888 -0.0020022848597173485
-0.011839788418246509 -0.006092894388345998 0.06877554792444752
-0.01227342814227421 -0.0033682370286797175 0.0004069802652298585
-0.011809951113477123 -0.006111779631399586 0.06891067862642401
-0.01217509956395061 -0.005863040434669542 0.07010047710525441
-0.00761151854076794 0.09115055519957523 -0.0009790059792075757
-0.011839788418246509 -0.006092894388345998 0.06877554792444752
-0.011738292458847608 -0.006089226272705193 0.06918276203522233
-0.011751826316221669 -0.006124185184496471 0.0691129131704171
-0.011839788418246509 -0.006092894388345998 0.06877554792444752
-0.011839788418246509 -0.006092894388345998 0.06877554792444752
-0.011839788418246509 -0.006092894388345998 0.06877554792444752
-0.007728786468467866 0.08922948128995888 -0.0020022848597173485
-0.011839788418246509 -0.006092894388345998 0.06877554792444752
-0.007728786468467866 0.08922948128995888 -0.0020022848597173485
-0.007728786468467866 0.08922948128995888 -0.0020022848597173485
-0.011839788418246509 -0.006092894388345998 0.06877554792444752
-0.012086057080033524 -0.0033513051790448607 0.00043256525174371153
-0.00764082436644303 0.08919819049380841 -0.0016649196137477667
-0.007728786468467866 0.08922948128995888 -0.0020022848597173485
-0.011839788418246509 -0.006092894388345998 0.06877554792444752
-0.011738255277920759 -0.006089130231738734 0.06918295392770805
-0.011751826316221669 -0.006124185184496471 0.0691129131704171
-0.011839788418246509 -0.006092894388345998 0.06877554792444752
-0.011751826316221669 -0.006124185184496471 0.0691129131704171
-0.011839788418246509 -0.006092894388345998 0.06877554792444752
-0.011839788418246509 -0.006092894388345998 0.06877554792444752
-0.011772993234107442 -0.0060849659343926 0.0689129812210004
-0.011839788418246509 -0.006092894388345998 0.06877554792444752
-0.007728786468467866 0.08922948128995888 -0.0020022848597173485
-0.011839788418246509 -0.006092894388345998 0.06877554792444752
-0.012086057080033524 -0.0033513051790448607 0.00043256525174371153
-0.012086057080033524 -0.0033513051790448607 0.00043256525174371153
-0.01236707460814275 -0.0031080053959071405 0.00030561556020944125
-0.012086057080033524 -0.0033513051790448607 0.00043256525174371153
-0.007728786468467866 0.08922948128995888 -0.0020022848597173485
-0.012776988134022442 -0.00311069881465924 0.0021512703147597094
-0.007728786468467866 0.08922948128995888 -0.0020022848597173485
-0.0076167847375366955 0.09119082507486996 -0.0009685904963599399
-0.007728786468467866 0.08922948128995888 -0.0020022848597173485
-0.007728786468467866 0.08922948128995888 -0.0020022848597173485
-0.007745612529007746 0.08922376310398386 -0.0020219119998675576
-0.007728786468467866 0.08922948128995888 -0.0020022848597173485
-0.013101441057768238 -0.004831302255237887 0.07306277100734439
-0.007587429686513041 0.09126061277051668 -0.0009657262186995033
-0.011738292458847608 -0.006089226272705193 0.06918276203522233
-0.011738292458847608 -0.006089226272705193 0.06918276203522233
-0.01301796502251509 -0.0047785586793489794 0.07328086101534934
-0.012175467742087704 -0.005871250733673131 0.07026525623639124
-0.011839788418246509 -0.006092894388345998 0.06877554792444752
-0.011839788418246509 -0.006092894388345998 0.06877554792444752
-0.007419642723181684 0.09128991965274172 -0.0009247853529736242
-0.011839788418246509 -0.006092894388345998 0.06877554792444752
-0.00854396011716288 0.09285645191387365 0.003052723920538122
-0.012197828560335263 -0.005538135628190692 0.07017832895783413
-0.011839788418246509 -0.006092894388345998 0.06877554792444752
-0.011839788418246509 -0.006092894388345998 0.06877554792444752
-0.011840156596383607 -0.0061011046873495935 0.06894032705558437
-0.011785472587968053 -0.006017741697527328 0.06883065955344309
-0.01233507814221463 -0.00593869013499354 0.0701376324481826
-0.008756807808701788 0.08763368092310966 0.07056900348047104
-0.012086057080033524 -0.0033513051790448607 0.00043256525174371153
-0.007609686229397628 0.09118057197941298 -0.0009630172466996099
-0.011751826316221669 -0.006124185184496471 0.0691129131704171
-0.011839788418246509 -0.006092894388345998 0.06877554792444752
-0.011839788418246509 -0.006092894388345998 0.06877554792444752
-0.011839788418246509 -0.006092894388345998 0.06877554792444752
-0.011839788418246509 -0.006092894388345998 0.06877554792444752
-0.011967394089505815 -0.0032105700239563567 0.0003953657295530319
-0.011839788418246509 -0.006092894388345998 0.06877554792444752
-0.012085279112130504 -0.003335890968597112 0.0004322206083713868
-0.007734186503006247 0.09006870788134513 -0.002006789287888658
-0.011839788418246509 -0.006092894388345998 0.06877554792444752
-0.007632465443864534 0.09009459762066302 -0.0024180257699767138
-0.007507060032541736 0.09129688284284349 -0.0005498394310342401
-0.012590535908253608 -0.0024611826555379617 0.001691590613518533
-0.011839788418246509 -0.006092894388345998 0.06877554792444752
-0.011935119812193327 -0.004810416375427814 0.0708394193508236
-0.011862272358783437 -0.006091172269271375 0.0688322595871207
-0.007728786468467866 0.08922948128995888 -0.0020022848597173485
-0.011839788418246509 -0.006092894388345998 0.06877554792444752
-0.007914367101656846 0.08949530052021451 -0.00181669779438425
-0.007728786468467866 0.08922948128995888 -0.0020022848597173485
-0.007728786468467866 0.08922948128995888 -0.0020022848597173485
-0.00775127040900479 0.08923120340903351 -0.0019455731970441307
-0.0077362181241288075 0.0892342767890817 -0.0020107651516518563
-0.011839788418246509 -0.006092894388345998 0.06877554792444752
-0.011839788418246509 -0.006092894388345998 0.06877554792444752
-0.011839788418246509 -0.006092894388345998 0.06877554792444752
-0.01187475746278613 -0.006081217016049965 0.06886165308657374
-0.012199873192555558 -0.005861377837852537 0.0703221679624805
-0.011839788418246509 -0.006092894388345998 0.06877554792444752
-0.011593036439288421 -0.005372054157856452 0.06946867214952154
-0.011970780197176116 -0.005859649594415439 0.06887719265855163
-0.011491857051431319 -0.005509367865001761 0.0691421934894292
-0.011702138353171753 -0.002645761314549591 0.0008054542664647265
-0.0075991729281611915 0.09013331536093319 -0.0012477621121388018
-0.007963926187576388 0.08954616914937173 -0.001552274532920104
-0.012094815026413967 -0.0058798587945527855 0.07043705909097461
-0.011911422648806829 -0.00559163456338283 0.06839480654178531
-0.011839788418246509 -0.006092894388345998 0.06877554792444752
-0.011839788418246509 -0.006092894388345998 0.06877554792444752
-0.011839788418246509 -0.006092894388345998 0.06877554792444752
-0.011634558388521747 -0.0042031112748801315 0.07013619205092689
-0.011839788418246509 -0.006092894388345998 0.06877554792444752
-0.012086057080033524 -0.0033513051790448607 0.00043256525174371153
-0.011839788418246509 -0.006092894388345998 0.06877554792444752
-0.007744586710989003 0.09001963273880491 -0.0019933826472224004
-0.011839788418246509 -0.006092894388345998 0.06877554792444752
-0.011839788418246509 -0.006092894388345998 0.06877554792444752
-0.011839788418246509 -0.006092894388345998 0.06877554792444752
-0.00761151854076794 0.09115055519957523 -0.0009790059792075757
-0.008380152493197216 0.09181654006483278 0.0003639299398487358
-0.007609353081875752 0.09118602957574712 -0.0009601102044254325
-0.01175081257065333 -0.005214398747243336 0.07063022468849389
-0.007649372969468126 0.08947538798263475 -0.001898153869994006
-0.007728786468467866 0.08922948128995888 -0.0020022848597173485
-0.007728786468467866 0.08922948128995888 -0.0020022848597173485
-0.007728786468467866 0.08922948128995888 -0.0020022848597173485
-0.007610123477940154 0.08937021644504738 -0.0020394843819080298
-0.007728786468467866 0.08922948128995888 -0.0020022848597173485
-0.0076118867189050345 0.09114234490057162 -0.0008142268480707427
-0.011776929707951916 -0.0028043566382766625 0.07099618511684601
-0.012095957556300909 -0.003353811551725062 0.00041644703093429643
-0.011839788418246509 -0.006092894388345998 0.06877554792444752
-0.013207534462071057 -0.0038336926568144493 0.07481359188700575
-0.011839788418246509 -0.006092894388345998 0.06877554792444752
-0.011839788418246509 -0.006092894388345998 0.06877554792444752
-0.011839788418246509 -0.006092894388345998 0.06877554792444752
-0.007728786468467866 0.08922948128995888 -0.0020022848597173485
-0.012085123518549902 -0.0033328081265075605 0.0004321516796969236
-0.008156513788036904 0.08967259643845202 -0.0020133434479117003
-0.007057622650827503 0.09083487098577515 -0.0021004389695712953
-0.007610123477940154 0.08937021644504738 -0.0020394843819080298
-0.012085109373678935 -0.003332527868135785 0.0004321454134537888
-0.01210812530425085 -0.005855090724807412 0.07023827885568547
-0.012086057080033524 -0.0033513051790448607 0.00043256525174371153
-0.011839788418246509 -0.006092894388345998 0.06877554792444752
-0.011839788418246509 -0.006092894388345998 0.06877554792444752
-0.011839788418246509 -0.006092894388345998 0.06877554792444752
-0.011839788418246509 -0.006092894388345998 0.06877554792444752
-0.007609852803158566 0.0911778431812459 -0.000964470767836697
-0.011839788418246509 -0.006092894388345998 0.06877554792444752
-0.011839788418246509 -0.006092894388345998 0.06877554792444752
-0.011839788418246509 -0.006092894388345998 0.06877554792444752
-0.011839788418246509 -0.006092894388345998 0.06877554792444752
-0.013101246636806712 -0.004829520666150873 0.07306367742911993
-0.011839788418246509 -0.006092894388345998 0.06877554792444752
-0.011839788418246509 -0.006092894388345998 0.06877554792444752
-0.011839788418246509 -0.006092894388345998 0.06877554792444752
-0.008596279289941399 0.09481414956370841 0.004114359652894215
-0.011839788418246509 -0.006092894388345998 0.06877554792444752
-0.012152223048719017 -0.002888309462857509 8.088809676563884e-05
-0.007750393547299691 0.08932118000179476 -0.0019363195569413957
-0.012350380751011594 -0.0031765300696953865 0.00021716689165940454
-0.012348459241080674 -0.0031846808464413554 0.00021696682824331418
-0.012863536862431605 -0.0030623356711021693 0.0001814544354381415
-0.012348459241080674 -0.0031846808464413554 0.00021696682824331418
-0.012085109373678935 -0.003332527868135785 0.0004321454134537888
-0.011469373110894389 -0.005511089984076388 0.06908548182675599
-0.007728786468467866 0.08922948128995888 -0.0020022848597173485
-0.011839788418246509 -0.006092894388345998 0.06877554792444752
-0.012088850564487826 -0.0033575887605172467 0.0004375481163938618
-0.007728786468467866 0.08922948128995888 -0.0020022848597173485
-0.012086057080033524 -0.0033513051790448607 0.00043256525174371153
-0.011878437784122635 -0.00489898355295975 0.06986681302247046
-0.011839788418246509 -0.006092894388345998 0.06877554792444752
-0.011839788418246509 -0.006092894388345998 0.06877554792444752
-0.011861395497078342 -0.0060011956765101526 0.06884151322722346
-0.011839788418246509 -0.006092894388345998 0.06877554792444752
-0.007728786468467866 0.08922948128995888 -0.0020022848597173485
-0.011784333095025152 -0.00601616506765002 0.06883181574146396
-0.008756807808701788 0.08763368092310966 0.07056900348047104
-0.008756807808701788 0.08763368092310966 0.07056900348047104
-0.007728786468467866 0.08922948128995888 -0.0020022848597173485
-0.007728786468467866 0.08922948128995888 -0.0020022848597173485
-0.008133703088461047 0.09096351488556433 0.00044255485144876973
-0.007728786468467866 0.08922948128995888 -0.0020022848597173485
-0.012086057080033524 -0.0033513051790448607 0.00043256525174371153
-0.008095635875039205 0.09065529866825894 0.0003440621048315143
-0.012086057080033524 -0.0033513051790448607 0.00043256525174371153
-0.007832210989097204 0.08937131128313944 -0.0016815238400899035
-0.011839788418246509 -0.006092894388345998 0.06877554792444752
-0.011839788418246509 -0.006092894388345998 0.06877554792444752
-0.007728786468467866 0.08922948128995888 -0.0020022848597173485
-0.011839788418246509 -0.006092894388345998 0.06877554792444752
-0.011839788418246509 -0.006092894388345998 0.06877554792444752
-0.011839788418246509 -0.006092894388345998 0.06877554792444752
-0.011839788418246509 -0.006092894388345998 0.06877554792444752
-0.008157845346368124 0.08959185345165781 -0.00034239672688360866
-0.008476106921210792 0.08993587982070364 -0.0007026606363405846
-0.011999086962817115 0.000517459579431689 0.0038002414680583193
-0.0117211254277188 -0.0059521592332575 0.06873834840225683
-0.011666682470354114 0.0003575318894100495 0.002381376756021375
-0.007728786468467866 0.08922948128995888 -0.0020022848597173485
-0.011839788418246509 -0.006092894388345998 0.06877554792444752
-0.011839788418246509 -0.006092894388345998 0.06877554792444752
-0.007728786468467866 0.08922948128995888 -0.0020022848597173485
-0.007716343526930176 0.08934350299152806 -0.001944273866080676
-0.007607520770505442 0.09121604635558486 -0.0009441214719174675
-0.007728786468467866 0.08922948128995888 -0.0020022848597173485
-0.007608187065549193 0.09120513116291658 -0.0009499355564658204
-0.007837058053589564 0.08998711064372 -0.002577756567863287
-0.007608187065549193 0.09120513116291658 -0.0009499355564658204
-0.0073911953363083715 0.08997372018732365 -0.0012276628126604348
-0.007727553608404007 0.08943068105226816 -0.002105058649016194
-0.007728786468467866 0.08922948128995888 -0.0020022848597173485
-0.007728786468467866 0.08922948128995888 -0.0020022848597173485
-0.007358371161115747 0.08981128569422851 -0.0016923509574088612
-0.011839788418246509 -0.006092894388345998 0.06877554792444752
-0.007347783653072526 0.09220144128370197 -0.00014521231801139202
-0.007519921842767357 0.08934676205263674 -0.0019618286498695615
-0.00751956043425313 0.09036867028518142 -0.0014575621838145072
-0.007358371161115747 0.08981128569422851 -0.0016923509574088612
-0.007358371161115747 0.08981128569422851 -0.0016923509574088612
-0.0077157602640455965 0.08934884775878912 -0.0019415546007539575
-0.01252260904947273 -0.0010693822962275122 0.0011267026578850822
-0.011839788418246509 -0.006092894388345998 0.06877554792444752
-0.007525617354663333 0.08937043481062985 -0.001896904923480434
-0.007728786468467866 0.08922948128995888 -0.0020022848597173485
-0.012087817988907448 -0.0033371298993775085 0.000437090680645142
-0.007681349042673025 0.08951810057569796 -0.0018187287661581306
-0.0077280709528351815 0.08939177470201538 -0.0019457376745896247
-0.007728786468467866 0.08922948128995888 -0.0020022848597173485
-0.0076630657376929685 0.08923728220845996 -0.0018670622864333864
-0.011839788418246509 -0.006092894388345998 0.06877554792444752
-0.011839788418246509 -0.006092894388345998 0.06877554792444752
-0.008721053350132296 0.08773881504078165 0.0706304113672171
-0.007728786468467866 0.08922948128995888 -0.0020022848597173485
-0.007423071541801391 0.08941355007068667 -0.00240422617748788
-0.007728786468467866 0.08922948128995888 -0.0020022848597173485
-0.011933536150442675 -0.005960376180323523 0.06911050687647437
-0.01138598986946804 -0.0035960668929180604 0.06960309076578793
-0.007609852803158566 0.0911778431812459 -0.000964470767836697
-0.007728786468467866 0.08922948128995888 -0.0020022848597173485
-0.007728786468467866 0.08922948128995888 -0.0020022848597173485
-0.007728786468467866 0.08922948128995888 -0.0020022848597173485
-0.007728786468467866 0.08922948128995888 -0.0020022848597173485
-0.012358859449063429 -0.0032337559889815707 0.000230373468909574
-0.007762878651302381 0.08933113525501614 -0.001906926057488358
-0.007728786468467866 0.08922948128995888 -0.0020022848597173485
-0.011736990878789988 -0.003802417595164534 0.06978691679021143
-0.01242502541774891 -0.0027707602727942205 -0.0001213036860684976
-0.007728786468467866 0.08922948128995888 -0.0020022848597173485
-0.007421641608312933 0.09125717407473692 -0.0009422276066186765
-0.012173877365743352 -0.002736783592105287 -3.420624486355001e-05
-0.007728786468467866 0.08922948128995888 -0.0020022848597173485
-0.007398923135604164 0.09349009964220235 -0.000633945068077061
-0.007718386260485111 0.08927855643249913 -0.002015691500383609
-0.012107664158865359 -0.003259606467209009 0.0004985305545196677
-0.007754826610776784 0.08930994846651953 -0.0020722450354238465
-0.0118522735222492 -0.0060829391351245885 0.06880494142390053
-0.011839788418246509 -0.006092894388345998 0.06877554792444752
-0.011839788418246509 -0.006092894388345998 0.06877554792444752
-0.007728786468467866 0.08922948128995888 -0.0020022848597173485
-0.007728786468467866 0.08922948128995888 -0.0020022848597173485
-0.0077362181241288075 0.0892342767890817 -0.0020107651516518563
-0.011839788418246509 -0.006092894388345998 0.06877554792444752
-0.0076446144120898285 0.09241520320815398 0.00014489408273028184
-0.011981180405158874 -0.00590872473695565 0.06889059929921791
-0.011839788418246509 -0.006092894388345998 0.06877554792444752
-0.007609686229397628 0.09118057197941298 -0.0009630172466996099
-0.007679088445582313 0.08941772259616797 -0.002015450376073436
-0.007751515464852511 0.08955438609643775 -0.001924433007137634
-0.012075656872050774 -0.003302230036504647 0.00041915861107745463
-0.007728786468467866 0.08922948128995888 -0.0020022848597173485
-0.011839788418246509 -0.006092894388345998 0.06877554792444752
-0.00760951965563669 0.09118330077758005 -0.0009615637255625218
-0.012108786076418179 -0.0030264003725660117 0.0005104171043234304
-0.007728786468467866 0.08922948128995888 -0.0020022848597173485
-0.007728786468467866 0.08922948128995888 -0.0020022848597173485
-0.011965457677114856 -0.0013756553060871484 0.0014849145549952379
-0.011469373110894389 -0.005511089984076388 0.06908548182675599
-0.011877033298417848 -0.004942369276452925 0.06982715735941983
-0.007728786468467866 0.08922948128995888 -0.0020022848597173485
-0.012086057080033524 -0.0033513051790448607 0.00043256525174371153
-0.01184510622279396 -0.006077248674380945 0.06877638765301704
-0.007744586710989003 0.09001963273880491 -0.0019933826472224004
-0.007728786468467866 0.08922948128995888 -0.0020022848597173485
-0.011839788418246509 -0.006092894388345998 0.06877554792444752
-0.011839788418246509 -0.006092894388345998 0.06877554792444752
-0.007738686944735248 0.08922697491727868 -0.002018403080526763
-0.012335548323581162 -0.0025447016805008747 -0.00023025133742351196
-0.00767585219808311 0.09164356769560034 -0.0013146944016776826
-0.012152223048719017 -0.002888309462857509 8.088809676563884e-05
-0.011839788418246509 -0.006092894388345998 0.06877554792444752
-0.007728998567350461 0.08938884114208662 -0.0019453463050894937
-0.007728786468467866 0.08922948128995888 -0.0020022848597173485
-0.007728786468467866 0.08922948128995888 -0.0020022848597173485
-0.011740284430041223 -0.0038334910142990095 0.06977766240757001
-0.007728786468467866 0.08922948128995888 -0.0020022848597173485
-0.01162935168915841 -0.0055867396844003865 0.06912263716968418
-0.007728786468467866 0.08922948128995888 -0.0020022848597173485
-0.008756807808701788 0.08763368092310966 0.07056900348047104
-0.011840156596383607 -0.0061011046873495935 0.06894032705558437
-0.0117211254277188 -0.0059521592332575 0.06873834840225683
-0.007525652845548057 0.08937034313516187 -0.0018970880935804497
-0.012452607181259588 -0.0031012377809590914 0.0005653324209364248
-0.007608187065549193 0.09120513116291658 -0.0009499355564658204
-0.007728786468467866 0.08922948128995888 -0.0020022848597173485
-0.007770102056204172 0.08929456674472337 -0.0020023290389798456
-0.007728786468467866 0.08922948128995888 -0.0020022848597173485
-0.007728786468467866 0.08922948128995888 -0.0020022848597173485
-0.007715990034272855 0.0893467422444136 -0.0019426258264887252
-0.007728786468467866 0.08922948128995888 -0.0020022848597173485
-0.007728786468467866 0.08922948128995888 -0.0020022848597173485
-0.011781663620991069 -0.006105299941442889 0.06897778246844057
-0.008028498775384309 0.08940328826248797 -0.0022763203311530946
-0.007728786468467866 0.08922948128995888 -0.0020022848597173485
-0.007766193789820833 0.09011133145064079 -0.001927417344446443
-0.012358859449063429 -0.0032337559889815707 0.000230373468909574
-0.007342933050641344 0.09219011488928759 -0.0015376851266389595
-0.012331599703262894 -0.0019794417827477245 0.0013052152818622841
-0.011839788418246509 -0.006092894388345998 0.06877554792444752
-0.012358859449063429 -0.0032337559889815707 0.000230373468909574
-0.00761151854076794 0.09115055519957523 -0.0009790059792075757
-0.011861395497078342 -0.0060011956765101526 0.06884151322722346
-0.00760895586752275 0.09119253670983782 -0.000956644115560072
-0.011839788418246509 -0.006092894388345998 0.06877554792444752
-0.007745937399358324 0.09290664306180574 -0.00028401755299190294
-0.007691485866843313 0.09243644794261344 -0.0013043386680456437
-0.012072977851712663 -0.0032314528222817875 0.0004935427166458951
-0.00760110815496453 0.08942595521105208 -0.002375334895972887
-0.011826254560872445 -0.006057935476554716 0.06884539678925275
-0.011839788418246509 -0.006092894388345998 0.06877554792444752
-0.011839788418246509 -0.006092894388345998 0.06877554792444752
-0.007652463116827097 0.08946657462964362 -0.001903416748966675
-0.007728786468467866 0.08922948128995888 -0.0020022848597173485
-0.0077821206536926035 0.0898100618858895 -0.002294138177507603
-0.007342933050641344 0.09219011488928759 -0.0015376851266389595
-0.011839788418246509 -0.006092894388345998 0.06877554792444752
-0.007728786468467866 0.08922948128995888 -0.0020022848597173485
-0.008064097614171963 0.08945933524363536 -0.0006773556789104563
-0.007728786468467866 0.08922948128995888 -0.0020022848597173485
-0.007707448614339223 0.08929696177113496 -0.002011287505931425
-0.00770717658662213 0.08929782205263898 -0.0020114022770458314
-0.007672267618499795 0.08930768213187372 -0.0019449379338813946
-0.0077071221810787105 0.08929799410893981 -0.002011425231268713
-0.007609686229397628 0.09118057197941298 -0.0009630172466996099
-0.00775127040900479 0.08923120340903351 -0.0019455731970441307
-0.007819507936836403 0.09095719853004762 -0.0012449038925719832
-0.007728786468467866 0.08922948128995888 -0.0020022848597173485
-0.007728786468467866 0.08922948128995888 -0.0020022848597173485
-0.007728786468467866 0.08922948128995888 -0.0020022848597173485
-0.012373003692249586 -0.0031626521315303497 0.00017650356384445957
-0.007550034520062292 0.09131807062039392 -0.0008742324102574724
-0.007728786468467866 0.08922948128995888 -0.0020022848597173485
-0.007728786468467866 0.08922948128995888 -0.0020022848597173485
-0.007744586710989003 0.09001963273880491 -0.0019933826472224004
-0.007744586710989003 0.09001963273880491 -0.0019933826472224004
-0.007728786468467866 0.08922948128995888 -0.0020022848597173485
-0.007549306900190897 0.09132657234087055 -0.0008696406092420297
-0.007609686229397628 0.09118057197941298 -0.0009630172466996099
-0.011968836292388083 -0.003150358609476162 1.9947942902608918e-05
-0.007609852803158566 0.0911778431812459 -0.000964470767836697
-0.007728786468467866 0.08922948128995888 -0.0020022848597173485
-0.007728786468467866 0.08922948128995888 -0.0020022848597173485
-0.00770142252066 0.09144880302075155 -0.0005632636360713793
-0.007888765046731881 0.08915383158963489 -0.0019651295167891656
-0.007744586710989003 0.09001963273880491 -0.0019933826472224004
-0.012224291331395427 0.0002984919050453821 0.0029020506444382295
-0.011839788418246509 -0.006092894388345998 0.06877554792444752
-0.011839788418246509 -0.006092894388345998 0.06877554792444752
-0.0122105485543315 -0.004720731037735771 0.0711462712663544
-0.011839788418246509 -0.006092894388345998 0.06877554792444752
-0.011876409082549057 -0.004961651820227676 0.06980953262028622
-0.011839788418246509 -0.006092894388345998 0.06877554792444752
-0.008119434225809111 0.08954736318186643 -0.0019001707063584779
-0.012358859449063429 -0.0032337559889815707 0.000230373468909574
-0.007745280491856145 0.08928646471313073 -0.0020563216769703876
-0.011839788418246509 -0.006092894388345998 0.06877554792444752
-0.011839788418246509 -0.006092894388345998 0.06877554792444752
-0.007728786468467866 0.08922948128995888 -0.0020022848597173485
-0.011988444141711308 -0.0026519515847119608 0.0005403073712180584
-0.007728786468467866 0.08922948128995888 -0.0020022848597173485
-0.007728786468467866 0.08922948128995888 -0.0020022848597173485
-0.0075400322625410665 0.09124843834145263 -0.0007952645275824811
-0.007728786468467866 0.08922948128995888 -0.0020022848597173485
-0.007698859589851124 0.0913880271832542 -0.0005881423680619659
-0.007744586710989003 0.09001963273880491 -0.0019933826472224004
-0.007379978239947577 0.08990298440606434 -0.001626385654632906
-0.007607187622983566 0.09122150395191903 -0.0009412144296432943
-0.00761151854076794 0.09115055519957523 -0.0009790059792075757
-0.007587755412338542 0.08939530927794363 -0.0024573831939432756
-0.0076760187718440485 0.09164083889743328 -0.0013161479228147698
-0.007728786468467866 0.08922948128995888 -0.0020022848597173485
-0.0077176817739765214 0.08935699853553512 -0.0019413545373378653
-0.007604189295286695 0.09127062231892623 -0.0009150510491757141
-0.011839788418246509 -0.006092894388345998 0.06877554792444752
-0.011839788418246509 -0.006092894388345998 0.06877554792444752
-0.007607757924168312 0.08931411631848211 -0.0018111988057217324
-0.007728786468467866 0.08922948128995888 -0.0020022848597173485
-0.007728786468467866 0.08922948128995888 -0.0020022848597173485
-0.012358859449063429 -0.0032337559889815707 0.000230373468909574
-0.011839788418246509 -0.006092894388345998 0.06877554792444752
-0.011839788418246509 -0.006092894388345998 0.06877554792444752
-0.007728786468467866 0.08922948128995888 -0.0020022848597173485
-0.00760951965563669 0.09118330077758005 -0.0009615637255625218
-0.012179804812229689 -0.00321878697102238 0.0007675242037705643
-0.007577949786873205 0.09153144223174568 -0.0007594796519324537
-0.007728786468467866 0.08922948128995888 -0.0020022848597173485
-0.007728786468467866 0.08922948128995888 -0.0020022848597173485
-0.0077365105641434805 0.08923466082352134 -0.0020124684666477785
-0.007734448516404784 0.08923482309725074 -0.002007706341244537
-0.012440664646710937 -0.002661324921695391 -0.00020442737724513682
-0.012086057080033524 -0.0033513051790448607 0.00043256525174371153
-0.007366072573304994 0.08993890372752021 -0.001554617864970367
-0.007986549607977657 0.09155380544340692 0.0003558447043803413
-0.007766655564507994 0.09039928894562667 -0.0009330506856114108
-0.011790539539953895 -0.0051780542451000285 0.06882649308792403
-0.007728786468467866 0.08922948128995888 -0.0020022848597173485
-0.011829388210263747 -0.006043819245805788 0.06876214128378123
-0.012400332771345371 -0.0020823604489607563 0.001263259711132021
-0.007311460627364355 0.09208210720738483 -0.00033832230848690427
-0.012358859449063429 -0.0032337559889815707 0.000230373468909574
-0.007728786468467866 0.08922948128995888 -0.0020022848597173485
-0.011839788418246509 -0.006092894388345998 0.06877554792444752
-0.007698949163698476 0.08921059604690532 -0.0018671541577408304
-0.011839788418246509 -0.006092894388345998 0.06877554792444752
-0.011839788418246509 -0.006092894388345998 0.06877554792444752
-0.008756807808701788 0.08763368092310966 0.07056900348047104
-0.011839788418246509 -0.006092894388345998 0.06877554792444752
-0.007606021606657005 0.09124060553908854 -0.0009310397816836791
-0.011839788418246509 -0.006092894388345998 0.06877554792444752
-0.011839788418246509 -0.006092894388345998 0.06877554792444752
-0.011839788418246509 -0.006092894388345998 0.06877554792444752
-0.011840156596383607 -0.0061011046873495935 0.06894032705558437
-0.011839788418246509 -0.006092894388345998 0.06877554792444752
-0.007794952437153347 0.08969247700614623 -0.0023539620146954226
-0.007728786468467866 0.08922948128995888 -0.0020022848597173485
-0.011839788418246509 -0.006092894388345998 0.06877554792444752
-0.011839788418246509 -0.006092894388345998 0.06877554792444752
-0.011877657514286644 -0.004923086732678189 0.06984478209855344
-0.0072393441770905766 0.08990030328413907 -0.0021502258648092324
-0.007439031207060068 0.08997761032244474 -0.0012898458504055049
-0.007782315074654133 0.08980828029680246 -0.002295044599283178
-0.007728786468467866 0.08922948128995888 -0.0020022848597173485
-0.007360292671046671 0.08981943647097447 -0.0016921508939927688
-0.007249347166563776 0.08988417972299659 -0.0021052636071589104
